Random waveform, supplied seed
Total number of intervals = 240 (7434, 67201, 85927, 63953, 31595, 87879, 7287, 62295, 6561, 22532, 60653, 59076, 60154, 22964, 8172, 27652, 37594, 24367, 33771, 84944, 85666, 51918, 34406, 28664, 38289, 20658, 13840, 93419, 98284, 71313, 42089, 46458, 30755, 42889, 93552, 65694, 29574, 51355, 67361, 16287, 81508, 87619, 99068, 51267, 11822, 97494, 97350, 55460, 85984, 82043, 52873, 13911, 49984, 9274, 27187, 18735, 86505, 93039, 75999, 32324, 84255, 81759, 37291, 53818, 30297, 31569, 38927, 10652, 98119, 48176, 34929, 69735, 20753, 84642, 42333, 61587, 77998, 97625, 23781, 66723, 31016, 47394, 95335, 5252, 65908, 16889, 42912, 99898, 26385, 22616, 50605, 90283, 26273, 48521, 34058, 75648, 19482, 15054, 75754, 5187, 17656, 96343, 36665, 85269, 31525, 61798, 12253, 25710, 79937, 7271, 85861, 91467, 72217, 31080, 76878, 84584, 12492, 57106, 96245, 6791, 90728, 5151, 82969, 42635, 99337, 95192, 69200, 49459, 29055, 64324, 5705, 84816, 23714, 74116, 19948, 44213, 19454, 7190, 47657, 44399, 6481, 5807, 83137, 9580, 37385, 33706, 35204, 50438, 48878, 42682, 27416, 64424, 64364, 5481, 26227, 26586, 86286, 24452, 26832, 29795, 46224, 84587, 63389, 46953, 90536, 12508, 38491, 97806, 11813, 39665, 53571, 63215, 78767, 8615, 67903, 16398, 53434, 38068, 9130, 69227, 37496, 83925, 51037, 33690, 51474, 73708, 98618, 81977, 91567, 48236, 91726, 52458, 70467, 71151, 65016, 42057, 78821, 60720, 39911, 10628, 73736, 7334, 91868, 76670, 10405, 26019, 55530, 29615, 66057, 55281, 21177, 88239, 70227, 23421, 97104, 6235, 58045, 23729, 40897, 53312, 87262, 81836, 92274, 47252, 75747, 80994, 98224, 7737, 37514, 10640, 90490, 92514, 89245, 73823, 46565, 21419, 66915, 31667, 72255, 99535)
Average QPS expected = 51628
Timestamp start: 1684577146952
Timestamp end: 1684578347404

#type       avg     std     min      p5     p10     p50     p67     p75     p80     p85     p90     p95     p99    p999   p9999      QPS   target
read      458.8   606.5   173.5   242.4   266.4   419.8   478.1   509.0   531.5   555.6   588.0   640.2  1095.4  7715.0 30359.2   7392.0     7434
read      439.1   346.1   160.7   214.3   228.2   337.9   424.2   490.6   547.6   629.3   763.2  1033.4  1568.3  3390.8  9877.1  66848.0    67201
read      458.0   476.1   160.7   219.5   234.1   341.7   398.2   441.5   484.2   549.6   699.6  1410.7  1944.8  4248.6 12216.7  85922.2    85927
read      465.8   380.1   160.7   217.3   232.3   359.7   460.6   536.3   602.2   693.4   821.5  1064.0  1621.9  3381.7 11001.2  63931.2    63953
read      585.2   455.8   173.5   233.2   253.1   446.1   608.7   716.5   812.0   956.5  1147.2  1395.5  1877.4  3223.4 13240.1  31605.6    31595
read      491.1   497.2   160.7   222.8   239.8   362.0   426.2   473.6   521.6   594.4   788.2  1543.5  1994.4  4319.4 12894.1  87863.4    87879
read      487.9   820.1   173.5   241.3   265.9   417.6   478.6   509.5   532.4   557.6   591.2   664.6  2601.3 10040.1 38212.1   7272.8     7287
read      476.4   491.5   160.7   219.5   234.3   351.4   445.1   518.5   582.2   672.3   839.9  1185.7  1836.1  5583.0 13301.0  62034.8    62295
read      569.4  1552.4   187.4   246.1   273.0   419.3   477.7   508.3   532.3   559.6   595.4   681.3  4533.3 25560.0 39589.7   6551.8     6561
read      533.2   673.7   160.7   220.5   237.4   443.6   567.9   640.3   689.8   745.8   818.1   960.6  1729.4  8959.8 28524.9  22553.8    22532
read      491.3   561.1   160.7   219.1   233.8   354.9   460.9   541.2   611.6   718.5   892.6  1217.5  1813.1  5433.1 24906.6  60769.6    60653
read      489.6   478.8   160.7   217.5   231.8   354.2   465.9   553.4   632.8   745.0   915.1  1202.2  1756.3  5440.6 15209.1  59043.6    59076
read      483.6   437.6   160.7   217.1   231.5   354.8   467.0   552.5   628.7   741.4   901.6  1173.3  1708.6  4135.0 12791.2  60427.4    60154
read      496.4   569.1   160.7   218.8   234.8   425.6   541.6   610.2   657.0   707.6   765.5   858.6  1310.8  7455.1 27629.1  22988.4    22964
read      551.3  1289.5   173.5   239.4   262.3   433.4   502.4   536.5   560.0   586.8   625.6   689.7  4172.8 23430.3 37269.8   8268.8     8172
read      511.9   440.0   160.7   220.8   237.4   437.0   565.1   641.8   697.7   758.8   839.9   980.5  1402.0  5533.2 11565.6  27553.2    27652
read      511.9   685.2   160.7   217.3   232.4   406.8   536.1   617.7   679.6   749.5   834.3   991.2  1480.9  8833.1 28115.2  37586.0    37594
read      514.7   739.4   160.7   218.5   234.2   425.1   543.6   614.2   663.1   716.2   780.6   884.0  1371.9 10880.1 30568.4  24354.0    24367
read      532.6   812.6   160.7   218.6   233.8   414.4   546.2   628.5   690.9   762.7   852.9  1025.7  1553.1 11504.9 31937.9  33840.4    33771
read      518.3   612.7   160.7   223.1   240.3   368.4   429.9   475.6   522.3   600.6   984.3  1619.8  2492.6  5744.6 20128.5  84838.8    84944
read      487.2   561.4   160.7   221.8   237.6   351.7   408.1   452.4   494.6   563.8   755.2  1553.6  2169.2  5350.3 19636.4  85660.6    85666
read      489.6   533.5   160.7   216.0   230.3   359.9   482.6   567.7   635.6   735.6   879.8  1170.2  1708.8  5700.4 25250.3  51783.6    51918
read      501.0   646.0   160.7   215.4   230.2   403.9   529.7   606.6   668.4   739.9   827.6   983.4  1418.7  7480.0 30066.8  34345.6    34406
read      525.2   758.3   160.7   218.3   233.5   422.1   546.6   625.5   682.8   741.7   815.8   939.5  1496.3 12742.6 29984.6  28701.8    28664
read      509.1   612.9   160.7   217.5   232.4   400.4   535.4   615.9   680.1   758.0   857.9  1046.7  1493.3  8550.1 29564.8  38413.6    38289
read      495.0   478.3   160.7   220.5   237.0   428.3   547.1   613.5   657.7   704.4   759.7   851.5  1273.2  6282.0 13628.5  20620.6    20658
read      536.4  1042.5   160.7   225.3   243.8   443.0   547.2   596.2   630.0   667.0   711.7   789.8  1957.8 13495.2 35862.8  13805.6    13840
read      449.1   463.5   160.7   221.8   237.7   354.4   413.0   453.5   488.9   539.5   625.5  1148.7  1971.1  4491.7 13733.3  93516.8    93419
read      390.1   437.0   160.7   218.8   232.4   333.0   384.9   416.6   442.2   476.2   527.0   625.7  1630.1  4414.4 16644.1  98192.8    98284
read      447.4   426.0   160.7   219.2   233.4   339.5   414.1   472.1   524.4   595.9   728.0  1086.6  1839.4  4271.5 10051.4  71308.0    71313
read      517.3   773.5   160.7   216.9   232.2   389.2   518.1   596.6   660.9   737.4   835.5  1039.7  1712.7 10128.6 31834.1  42322.2    42089
read      492.9   448.5   160.7   216.8   231.4   374.5   506.0   594.7   666.4   756.7   877.7  1103.7  1592.2  5163.0 13100.4  46570.6    46458
read      517.1   672.5   160.7   217.7   232.5   419.0   545.6   625.9   685.8   751.1   834.1   973.6  1499.9  8584.5 31346.3  30624.0    30755
read      499.7   514.2   160.7   215.5   230.3   387.7   519.8   602.2   669.6   752.8   850.9  1030.7  1581.2  7312.6 15149.0  42885.0    42889
read      437.5   524.0   160.7   219.0   232.9   341.1   392.3   426.8   458.2   503.4   583.0  1055.3  1980.5  6145.1 16060.5  93392.2    93552
read      452.0   435.5   160.7   218.9   232.6   342.2   424.1   489.1   544.2   617.2   743.3  1079.2  1792.8  4384.1 13512.2  65919.6    65694
read      521.9   719.3   160.7   216.3   232.0   419.1   547.2   626.2   683.4   746.0   822.3   963.2  1596.9 10214.8 31064.9  29691.6    29574
read      501.5   583.0   160.7   217.3   232.0   371.2   499.0   586.5   661.6   763.6   899.1  1141.8  1690.5  6052.2 24758.5  51326.4    51355
read      463.8   478.7   160.7   217.3   231.7   345.7   432.0   498.6   555.1   638.0   788.7  1118.9  1881.0  4644.2 12203.7  67443.4    67361
read      502.7   744.0   160.7   222.2   239.3   430.7   536.3   592.0   627.7   667.7   715.3   787.9  1434.8  9940.4 31904.3  16175.6    16287
read      513.3   608.9   160.7   223.0   240.0   361.5   431.8   491.4   549.1   642.0   926.7  1542.4  2532.3  5638.3 19347.1  81566.0    81508
read      518.7   608.3   160.7   222.1   239.2   360.3   417.2   462.0   508.2   598.0  1209.2  1615.6  2520.6  5766.8 18026.8  87410.8    87619
read      374.9   316.5   160.7   218.1   231.4   330.2   383.5   415.5   440.4   471.9   520.1   604.1  1337.9  4332.6 10162.2  98868.6    99068
read      504.5   486.3   160.7   220.3   236.2   376.4   497.0   585.9   655.9   753.0   904.3  1198.1  1849.6  4836.3 14738.3  51027.0    51267
read      542.6  1003.3   173.5   228.4   248.6   445.1   536.8   584.2   618.0   657.3   710.6   804.5  2923.2 12861.4 32393.2  11741.0    11822
read      373.9   316.6   160.7   218.1   231.1   327.9   380.0   410.8   435.4   468.1   516.2   602.0  1491.6  2997.9 11694.2  97363.8    97494
read      372.0   388.4   160.7   218.0   231.2   329.2   383.7   416.7   443.1   476.8   525.2   602.9   836.4  4335.0 15597.2  97271.8    97350
read      505.8   604.1   160.7   217.8   232.3   360.0   476.6   563.5   640.5   761.4   933.6  1239.9  1857.8  7828.3 22930.5  55510.0    55460
read      489.2   640.4   160.7   221.2   237.3   359.3   419.0   461.0   499.8   562.9   728.9  1558.5  2048.6  6204.9 15997.4  86074.6    85984
read      590.0   619.6   160.7   227.2   247.7   384.0   457.2   532.4   636.1  1089.9  1515.2  1704.9  2535.0  5696.4 17815.5  81920.0    82043
read      499.8   478.9   160.7   218.3   232.7   364.4   488.1   580.0   660.2   780.7   939.0  1190.2  1736.9  4819.6 19411.6  52856.6    52873
read      509.3   703.5   173.5   225.8   244.6   444.1   546.2   597.5   631.6   671.1   721.2   798.3  1273.3  8686.0 29728.0  13816.8    13911
read      499.8   568.3   160.7   216.4   231.1   367.8   493.2   580.0   654.6   760.1   911.8  1182.4  1693.4  6435.5 17594.9  49803.2    49984
read      511.9   946.1   173.5   233.0   254.8   427.3   501.4   537.9   563.3   591.4   630.0   696.8  2842.8 12550.7 32199.5   9348.0     9274
read      521.5   719.1   160.7   218.3   234.5   426.2   551.3   627.6   682.0   742.0   814.8   943.4  1487.3  9713.3 31598.2  27068.6    27187
read      501.5   579.6   160.7   221.4   238.9   429.2   544.9   608.6   650.1   692.6   742.9   832.6  1379.9  8086.2 24506.4  18744.8    18735
read      523.3   586.3   160.7   225.1   243.4   375.3   436.8   485.8   533.8   616.7  1068.4  1618.5  2220.6  6954.2 16501.1  86226.0    86505
read      436.2   438.8   160.7   221.8   237.6   353.9   412.6   451.1   483.0   527.4   594.5   799.4  1861.9  5244.3 13080.9  93206.8    93039
read      468.7   488.1   160.7   219.8   234.5   347.4   421.2   477.7   531.5   609.9   765.4  1172.6  2205.9  4751.7 15478.7  76031.0    75999
read      509.7   625.1   160.7   217.1   232.6   409.6   535.2   616.2   677.6   747.0   836.0   995.9  1559.8  7469.8 30858.6  32272.0    32324
read      517.7   636.9   160.7   223.7   241.2   368.5   428.3   472.9   519.2   596.5   983.8  1621.4  2131.0  7831.2 23387.7  84342.6    84255
read      509.8   571.1   160.7   223.6   240.4   370.5   436.8   486.6   532.4   608.5   896.9  1593.8  2105.0  5868.5 15437.4  81819.6    81759
read      526.8   825.9   160.7   217.4   232.4   399.6   525.8   606.2   669.3   746.9   850.1  1024.6  1778.0 12058.6 31036.4  37173.2    37291
read      498.0   480.2   160.7   219.7   234.3   368.0   485.6   571.9   650.4   765.1   923.2  1193.1  1744.9  4316.0 13154.1  53848.6    53818
read      518.9   653.8   160.7   218.1   233.9   421.7   543.1   624.5   684.8   753.9   835.0   969.7  1457.8  9571.9 30373.4  30353.8    30297
read      515.1   589.0   160.7   218.7   233.9   414.2   543.2   626.1   692.1   765.0   852.8  1010.2  1568.5  7972.4 28609.1  31502.0    31569
read      508.2   659.4   160.7   214.8   229.2   383.8   513.3   593.7   662.7   753.5   869.2  1095.9  1613.7  8939.3 30495.4  38947.2    38927
read      512.4  1027.2   173.5   229.8   250.9   430.5   513.1   553.0   581.3   613.1   651.7   722.9  1862.4 14619.0 32279.2  10678.4    10652
read      392.6   407.4   160.7   220.4   234.6   337.8   391.6   424.1   450.0   483.9   535.0   631.0  1630.7  4327.4 14323.2  97919.6    98119
read      486.6   453.4   160.7   216.8   230.9   368.1   489.4   571.2   640.5   743.0   882.9  1133.3  1603.6  4867.9 12697.1  48286.4    48176
read      506.4   555.5   160.7   217.9   233.1   413.4   541.9   623.0   684.5   756.5   846.2   998.9  1462.0  7471.1 26409.1  34856.8    34929
read      454.0   490.1   160.7   219.4   233.6   345.2   422.3   481.1   533.2   603.8   732.4  1087.0  1818.8  4872.9 18167.6  69762.0    69735
read      506.2   670.4   160.7   221.3   239.0   425.4   538.5   605.3   649.2   695.4   749.6   836.5  1501.5  7746.1 31067.6  20929.0    20753
read      517.5   599.6   160.7   222.9   239.7   371.0   433.7   481.9   529.1   606.4  1084.4  1621.3  2114.3  6649.7 20346.5  84590.0    84642
read      519.6   712.4   160.7   218.8   233.6   385.7   518.9   606.7   682.3   778.7   903.2  1119.6  1705.7 10702.2 32421.1  42342.4    42333
read      483.7   429.7   160.7   220.0   235.2   357.9   457.9   535.5   603.8   712.1   894.8  1191.1  1841.4  3993.6 12698.4  61635.8    61587
read      510.8   588.0   160.7   224.1   241.1   361.8   429.9   483.2   535.6   622.7   954.5  1586.8  2281.0  5010.1 19467.2  78064.8    77998
read      387.7   392.8   160.7   222.1   237.3   340.2   395.2   428.8   455.4   489.2   537.3   621.9  1302.9  4389.3 13370.6  97675.0    97625
read      509.2   657.9   160.7   219.9   236.3   425.5   539.9   612.0   664.3   720.6   787.5   899.1  1448.8  7617.4 30931.1  23838.4    23781
read      458.8   455.3   160.7   219.0   233.1   345.1   427.0   492.1   548.9   631.5   789.8  1125.2  1799.3  4364.2 14640.3  66567.6    66723
read      502.8   645.0   160.7   216.4   231.8   414.6   530.9   603.8   659.5   723.6   800.1   930.3  1422.5  8107.4 29571.3  30874.4    31016
read      489.0   490.1   160.7   215.3   230.1   372.1   502.2   586.1   657.5   750.2   868.3  1057.8  1562.5  6212.4 12805.7  47381.6    47394
read      433.4   430.6   160.7   218.3   232.4   346.0   403.0   439.9   471.5   517.7   593.0   951.7  1850.3  4608.0 12262.7  95018.4    95335
read      495.1  1066.0   173.5   255.5   278.3   388.6   433.1   458.6   476.1   498.8   530.9   593.0  3957.3 12323.5 35469.6   5266.8     5252
read      467.1   457.4   160.7   219.1   233.2   345.9   427.5   492.2   549.7   630.8   785.4  1208.5  1932.6  4431.4 10350.0  65763.4    65908
read      505.1   787.3   160.7   222.3   240.0   428.5   538.1   597.5   633.7   673.9   722.7   799.4  1449.1  9089.1 33212.6  16825.4    16889
read      526.9   797.9   160.7   217.7   232.1   386.2   517.9   603.0   675.3   767.6   888.7  1146.6  1737.2 11066.6 31445.5  42923.6    42912
read      409.5   354.4   160.7   224.8   241.4   355.0   413.2   450.0   478.6   517.9   576.2   686.4  1661.6  3091.2 12855.7  99778.6    99898
read      513.1   602.2   160.7   220.4   236.5   429.7   554.5   630.6   688.6   752.3   830.0   948.6  1388.3  7373.3 31456.5  26409.6    26385
read      519.6   578.9   160.7   222.0   239.3   440.3   561.3   634.8   685.3   740.3   807.9   923.6  1528.2  8169.0 30435.5  22541.0    22616
read      494.5   557.6   160.7   216.7   231.3   372.7   496.9   582.1   653.1   743.1   867.2  1089.2  1644.4  5973.2 18920.9  50580.0    50605
read      504.5   568.5   160.7   224.1   242.1   370.9   430.2   472.3   515.2   585.3   786.9  1584.5  2261.3  5318.6 17814.5  90274.0    90283
read      503.6   541.4   160.7   219.3   234.8   428.0   548.5   623.9   679.6   739.9   809.5   926.0  1362.0  6514.9 28374.5  26242.0    26273
read      497.8   436.7   160.7   218.1   232.6   372.5   500.4   589.3   669.6   777.2   916.6  1164.8  1678.6  4357.8 10119.8  48455.6    48521
read      505.0   651.3   160.7   216.8   231.9   410.5   537.0   615.5   678.4   749.9   833.4   968.1  1376.9  8153.2 31174.8  34006.0    34058
read      486.5   495.1   160.7   220.9   236.6   351.8   422.2   481.3   541.2   638.3   890.9  1408.7  2142.2  4381.8 14406.4  75541.4    75648
read      509.4   755.8   160.7   221.2   238.6   423.2   537.0   601.6   645.7   690.4   744.7   835.8  1613.0  9730.0 31415.2  19492.2    19482
read      496.3   723.5   160.7   222.2   239.2   427.1   529.2   578.9   611.7   646.5   688.8   765.2  1684.9  9749.8 29192.2  15100.6    15054
read      507.2   597.0   160.7   221.0   237.3   361.6   436.2   498.6   558.5   655.4   923.9  1484.9  2255.3  6748.4 21881.0  75551.6    75754
read      490.9  1238.2   187.4   255.9   282.6   397.4   442.6   467.8   486.7   506.8   538.0   591.6  2542.6 25850.8 39657.6   5193.8     5187
read      526.2   867.7   173.5   223.1   241.2   430.2   543.1   605.4   644.9   688.9   741.1   828.2  1668.3 11984.8 31859.7  17585.4    17656
read      434.6   492.6   160.7   222.0   238.0   354.1   408.2   444.6   475.3   518.6   588.1   846.5  1770.4  4881.7 17073.6  96077.4    96343
read      503.5   634.5   160.7   216.5   231.0   394.3   519.8   599.1   664.8   745.1   850.8  1036.4  1512.1  8757.8 30787.8  36829.2    36665
read      527.6   590.5   160.7   225.1   242.9   376.7   445.6   498.8   550.6   653.6  1071.9  1611.4  2275.1  6683.8 16087.1  85215.6    85269
read      496.6   460.3   160.7   221.8   239.4   426.7   545.1   617.9   670.4   728.8   801.4   925.7  1300.8  6405.8 14907.9  31631.8    31525
read      465.6   373.5   160.7   217.8   232.8   362.6   467.9   547.1   613.5   702.0   828.8  1049.4  1548.8  2346.6 13654.9  61708.0    61798
read      461.8   331.3   160.7   234.3   254.6   444.9   522.9   562.8   588.6   618.2   653.2   710.5   840.2  6152.3 10783.1  12245.2    12253
read      491.7   323.5   160.7   223.9   242.6   438.8   553.0   617.9   665.5   722.6   794.7   924.3  1240.4  2284.8 11198.7  25716.8    25710
read      473.4   461.6   160.7   223.7   240.2   357.1   423.1   471.3   519.6   590.4   740.1  1402.6  1996.2  3732.1 13130.0  79927.0    79937
read      458.8   344.6   173.5   250.2   277.5   433.8   496.8   529.0   549.8   577.4   610.1   660.8   806.2  5967.6 11412.7   7233.6     7271
read      500.5   472.1   160.7   225.0   242.6   360.1   420.1   468.7   522.6   623.7  1012.3  1569.3  2054.5  3748.5 12291.4  85663.2    85861
read      357.2   174.5   160.7   219.8   233.1   328.0   381.4   412.8   436.7   467.4   508.6   578.7   745.3  1780.3  7663.6  91664.8    91467
read      430.1   308.7   160.7   220.7   236.0   348.3   425.3   478.7   525.8   590.3   691.2   925.3  1553.7  2821.3  8589.3  72175.0    72217
read      491.5   307.0   160.7   223.6   241.6   437.0   558.2   627.2   678.9   733.8   799.7   907.5  1194.9  3480.6 10179.8  31156.2    31080
read      434.0   334.1   160.7   221.9   237.4   349.6   421.9   471.0   515.9   578.7   678.9   959.7  1686.8  2897.9 11268.6  76912.4    76878
read      440.1   391.7   160.7   222.5   238.2   349.3   408.8   450.5   487.0   540.1   632.0  1073.0  1828.1  3776.7 10886.2  84559.4    84584
read      472.3   319.0   160.7   234.2   255.0   457.3   541.6   585.3   614.3   644.4   682.6   740.6   865.8  3841.6 11011.7  12450.0    12492
read      475.4   353.0   160.7   219.0   233.7   365.4   482.3   565.9   631.8   724.3   859.9  1079.3  1619.3  2527.7 10061.5  57042.6    57106
read      412.6   419.3   160.7   222.2   237.6   347.2   401.6   435.5   464.1   502.2   562.7   692.9  1713.8  4047.0 12710.0  96124.8    96245
read      504.5   878.4   173.5   248.0   275.8   430.9   487.7   520.0   542.1   569.6   604.4   671.8  2423.3 11147.1 31620.8   6750.0     6791
read      455.6   464.8   160.7   222.6   238.7   360.1   419.7   458.1   491.6   540.5   628.0  1241.3  2016.7  5467.3 11179.8  90557.0    90728
read      452.8   538.2   173.5   260.7   290.9   409.4   454.8   479.0   497.5   520.8   555.0   614.6  1387.4  6355.0 30445.3   5177.4     5151
read      508.1   602.3   160.7   224.8   242.1   372.6   436.8   486.1   532.0   604.9   812.8  1578.1  1992.3  7125.3 20325.6  82724.8    82969
read      501.4   400.5   160.7   220.5   236.1   393.7   529.8   614.5   682.0   770.1   889.2  1095.9  1574.2  4039.3 10801.1  42636.0    42635
read      393.4   331.4   160.7   221.9   236.8   342.6   398.1   432.1   460.0   496.6   549.5   652.6  1561.3  3418.2 10188.5  99467.0    99337
read      390.0   331.2   160.7   220.8   235.2   338.1   393.8   426.5   452.7   486.9   537.2   632.4  1629.2  3366.4 11168.7  94922.6    95192
read      456.1   454.7   160.7   220.4   235.1   346.5   426.9   486.4   538.1   610.6   738.9  1068.6  1830.7  5412.5 12311.8  69051.0    69200
read      492.9   399.3   160.7   217.4   231.9   367.3   494.5   581.5   650.0   750.1   914.7  1210.0  1699.9  3802.2 10901.9  49341.8    49459
read      517.3   536.6   160.7   220.0   236.3   439.5   566.4   642.1   703.8   770.7   852.7   987.9  1382.6  6640.5 22977.5  29049.0    29055
read      461.1   455.7   160.7   220.2   234.8   349.8   436.8   502.5   558.6   637.2   778.8  1081.4  1778.4  4471.3 15578.4  64332.4    64324
read      511.8  1136.6   173.5   258.2   286.8   418.8   469.7   498.4   518.9   543.3   578.3   641.2  2747.4 14895.0 37461.0   5691.4     5705
read      528.6   522.9   160.7   227.0   245.6   380.3   448.1   501.8   556.2   655.0  1229.5  1632.6  2009.8  4570.0 12020.6  84458.2    84816
read      513.7   537.9   160.7   222.1   239.6   445.4   562.5   635.9   691.5   749.5   818.6   924.0  1334.2  6120.2 27101.6  23789.4    23714
read      475.3   518.8   160.7   222.3   238.1   354.9   430.8   491.1   544.9   628.8   804.1  1201.9  1997.3  4626.8 14287.4  74181.2    74116
read      524.3   680.9   173.5   223.7   241.7   448.7   565.5   632.2   680.0   729.7   787.8   872.9  1418.3  8766.6 30123.7  19956.8    19948
read      507.6   426.1   160.7   220.2   236.0   393.0   529.4   618.2   689.0   783.9   915.4  1140.6  1596.3  4286.6 15020.3  44320.6    44213
read      528.1   765.1   160.7   223.6   241.8   445.7   565.5   634.6   679.9   727.3   782.5   865.4  1344.7 10249.2 31368.5  19432.0    19454
read      492.7   783.2   173.5   247.5   275.3   436.7   496.2   527.2   548.1   577.0   611.8   665.1  1471.0  8773.4 32139.7   7191.8     7190
read      488.6   332.7   160.7   220.6   236.8   386.0   513.1   598.4   665.3   747.2   864.9  1076.6  1577.9  2903.6  8105.9  47656.4    47657
read      481.6   326.6   160.7   221.5   238.2   396.8   521.5   596.1   653.7   725.6   823.6   999.3  1427.0  2042.5 12164.5  44418.2    44399
read      449.7   309.7   173.5   259.3   287.2   430.2   482.1   510.5   531.4   553.4   585.5   638.6   786.6  4849.1 12184.0   6589.4     6481
read      455.5   452.0   173.5   262.2   292.4   421.7   470.2   497.2   516.1   540.0   573.0   624.2   792.7  8132.5 15504.3   5813.2     5807
read      514.5   542.9   160.7   224.6   242.2   374.3   450.3   505.4   559.3   648.1   912.2  1586.1  2035.1  4261.6 17825.2  83116.2    83137
read      484.4   699.5   173.5   232.2   254.0   432.8   507.1   543.6   569.1   596.0   633.5   693.4  1165.1  9513.1 31233.2   9645.6     9580
read      518.3   614.9   160.7   218.8   233.9   410.1   541.1   622.6   689.2   768.5   864.7  1052.6  1574.5  9241.1 28660.7  37215.4    37385
read      499.2   571.7   160.7   215.8   230.8   409.3   531.5   605.7   666.5   739.6   830.4   993.1  1427.8  6289.9 27033.7  33647.2    33706
read      545.6   799.1   160.7   219.8   235.0   407.6   541.6   626.2   697.1   787.4   908.9  1157.8  2010.8 11503.7 31204.7  35335.4    35204
read      496.9   486.3   160.7   216.3   230.9   368.0   494.4   581.7   654.6   758.1   903.2  1164.4  1733.2  4961.3 12376.4  50510.6    50438
read      502.0   420.8   160.7   218.4   232.6   372.7   503.1   592.0   670.4   773.7   918.8  1185.1  1785.6  5031.8 10466.6  48791.8    48878
read      528.6   682.3   160.7   218.8   233.6   389.2   528.4   618.3   693.7   796.4   940.0  1188.3  1765.9  9086.6 25620.9  42690.8    42682
read      503.6   558.1   160.7   220.0   237.1   427.3   543.8   617.3   670.0   726.7   793.0   901.2  1279.1  6998.7 30190.9  27370.4    27416
read      464.6   353.9   160.7   217.9   232.9   361.2   467.5   546.1   612.3   695.6   821.3  1057.3  1559.1  2375.7 12256.7  64400.6    64424
read      467.1   345.2   160.7   219.5   235.3   362.8   466.0   545.0   611.9   702.8   836.0  1070.0  1595.0  2364.6  7827.2  64278.2    64364
read      452.6   613.2   173.5   265.1   297.7   421.3   466.5   492.3   509.3   534.7   565.6   614.2   736.3  7985.1 38209.4   5460.0     5481
read      509.7   372.6   160.7   224.4   244.2   449.6   565.5   633.1   684.4   749.4   844.5  1008.3  1323.3  2955.3 12771.9  26106.2    26227
read      514.7   333.5   160.7   223.7   242.9   450.3   572.8   641.4   692.7   760.7   861.5  1053.9  1367.6  3815.2  9953.7  26670.4    26586
read      471.9   454.0   160.7   222.3   238.5   356.4   419.6   465.5   507.6   574.0   707.4  1486.6  1945.2  4005.7 11709.0  86258.6    86286
read      483.8   372.4   160.7   224.4   243.9   436.5   552.9   617.9   660.8   707.7   761.5   842.0  1017.1  4606.9 13893.2  24540.8    24452
read      492.3   362.3   160.7   223.4   242.5   442.0   562.9   630.0   676.7   728.8   790.5   887.7  1129.3  3065.7 12266.5  26859.8    26832
read      490.3   438.4   160.7   218.3   234.2   426.8   546.3   620.3   673.6   731.3   799.4   903.2  1197.7  4682.7 15880.8  29877.0    29795
read      483.8   484.7   160.7   212.6   226.8   364.9   488.7   566.5   630.6   723.9   860.6  1122.9  1668.5  5831.5 13928.0  46163.2    46224
read      526.5   587.1   160.7   222.1   239.0   363.0   426.1   480.4   542.1   660.5  1304.2  1626.0  2303.9  4975.3 17147.0  84569.6    84587
read      468.2   422.9   160.7   215.3   229.9   348.8   444.9   521.4   587.4   679.1   838.1  1146.1  1770.1  4018.8  9415.2  63560.0    63389
read      483.9   421.9   160.7   213.3   227.6   367.8   494.7   574.9   639.5   731.3   863.0  1132.3  1611.7  4377.5 13538.5  46794.8    46953
read      521.4   721.1   160.7   224.3   242.4   375.1   438.1   485.4   528.3   595.9   822.1  1587.6  2103.5  8975.4 30455.3  90396.4    90536
read      485.8   720.6   160.7   222.6   240.1   427.3   513.4   557.7   586.0   619.4   661.4   729.3  1183.8  8718.4 30641.8  12501.4    12508
read      503.7   556.4   160.7   215.8   230.8   399.9   529.0   605.8   668.4   745.4   849.1  1056.0  1483.1  7735.1 14554.6  38573.8    38491
read      362.7   249.0   160.7   218.7   231.5   326.3   377.6   407.9   432.1   462.9   505.0   581.3   939.3  2439.0  9761.3  97538.8    97806
read      475.5   552.3   173.5   234.0   254.7   439.1   522.3   564.9   592.9   625.3   664.8   727.7  1095.8  4911.7 31370.9  11829.6    11813
read      493.9   350.9   160.7   221.6   239.2   413.5   542.1   617.8   674.4   745.2   844.0  1007.9  1419.2  2198.3 12576.8  39670.2    39665
read      476.6   352.6   160.7   218.1   233.3   372.3   488.1   571.6   635.7   722.7   849.8  1070.8  1596.4  2345.2 11485.0  53492.6    53571
read      470.1   327.0   160.7   219.4   235.0   366.6   470.2   548.3   617.8   709.5   848.4  1083.6  1589.7  2298.6  8915.2  63158.6    63215
read      558.6   796.3   160.7   227.0   245.8   380.2   453.8   512.3   572.8   682.7  1257.1  1658.8  2362.5 11887.5 30682.2  78578.8    78767
read      523.8   912.6   173.5   240.2   263.4   438.4   513.0   551.8   580.4   613.1   655.0   737.0  2729.9  9784.1 33393.0   8664.4     8615
read      522.3   581.1   160.7   223.7   240.5   369.7   456.2   524.1   588.6   694.0   982.7  1521.3  2303.8  6639.7 17262.4  67902.0    67903
read      527.5   953.2   160.7   227.8   247.4   440.1   545.9   600.3   634.9   674.3   723.7   801.7  1693.5 13466.9 36090.2  16453.0    16398
read      471.5   343.6   160.7   217.3   232.0   368.8   485.7   567.8   631.7   716.0   837.8  1058.9  1559.3  2329.4 11294.4  53505.6    53434
read      480.6   349.8   160.7   221.3   238.2   414.7   533.9   603.7   657.8   722.3   800.2   932.0  1271.4  1897.7 12510.2  37935.4    38068
read      450.3   319.9   173.5   242.7   267.3   436.4   499.0   531.6   553.6   581.6   615.3   667.4   791.0  3623.0 12539.4   9147.4     9130
read      448.6   306.8   160.7   218.8   233.8   359.6   453.6   523.2   582.7   663.5   776.3   993.8  1445.1  2206.6  9135.3  69056.0    69227
read      478.8   290.8   160.7   220.6   237.3   416.7   535.1   606.1   658.5   719.2   795.8   922.3  1256.6  2663.4  9745.6  37353.8    37496
read      733.2   641.9   160.7   264.2   296.2   411.3   678.2  1084.0  1352.0  1518.1  1637.7  1791.5  2650.0  3800.7 15433.9  84042.0    83925
read      472.9   336.1   160.7   217.8   233.0   376.4   494.2   575.6   639.1   721.9   831.9  1025.5  1504.0  2143.4  9130.4  51098.4    51037
read      481.7   304.1   160.7   223.1   241.5   429.3   543.1   611.5   660.7   717.3   784.9   886.7  1176.0  2369.4 10901.7  33672.6    33690
read      475.4   353.9   160.7   218.6   233.8   373.9   492.6   575.0   638.6   721.5   838.6  1040.5  1528.2  2565.9 12023.1  51598.4    51474
read      577.7   587.7   160.7   223.1   241.7   385.3   502.7   619.6   729.5   900.3  1173.4  1590.3  2743.3  6189.7 14097.6  73740.8    73708
read      787.5   707.9   160.7   294.2   319.1   413.8   753.4  1398.6  1513.6  1592.6  1680.0  1796.3  2662.9  6960.2 16393.3  98676.0    98618
read      783.1   702.8   173.5   291.8   316.6   412.7   761.9  1383.1  1503.4  1583.3  1674.8  1800.7  2686.0  4123.9 18784.4  81923.6    81977
read      788.6   719.0   160.7   294.0   320.0   415.9   723.4  1384.1  1512.3  1592.7  1685.7  1815.6  2713.5  6928.2 15699.7  91680.4    91567
read      584.0   584.3   160.7   224.0   243.1   383.3   503.2   643.0   788.0  1033.0  1352.8  1630.5  2045.8  4103.4 18923.9  48229.0    48236
read      778.7   709.9   173.5   288.8   314.8   412.0   702.1  1374.7  1499.9  1582.5  1675.3  1802.5  2683.9  5405.0 16191.0  91709.6    91726
read      518.7   454.0   160.7   219.3   234.9   371.4   487.7   584.7   670.7   797.7  1018.3  1417.9  1852.0  2990.3 13875.8  52425.6    52458
read      452.9   311.8   160.7   215.4   230.2   351.8   450.8   523.4   589.2   681.0   812.1  1048.9  1548.9  2155.5  8627.6  70495.0    70467
read      457.9   354.5   160.7   216.9   232.0   353.2   451.4   523.4   588.8   685.7   825.2  1065.3  1572.3  2267.0 11155.6  71070.6    71151
read      458.8   321.4   160.7   217.5   232.1   356.8   458.1   535.5   601.8   693.2   827.3  1055.6  1540.6  2242.5  7957.9  65214.6    65016
read      483.6   324.3   148.8   220.3   236.8   405.6   535.7   612.6   670.1   738.2   823.6   964.7  1320.4  2025.6  9867.6  42149.0    42057
read      503.2   391.4   160.7   222.9   240.5   370.9   479.2   577.1   663.3   784.3   974.7  1213.2  1858.7  2990.6  9691.8  78690.8    78821
read      465.6   332.4   160.7   218.7   234.1   366.2   474.7   552.5   617.3   702.3   825.2  1035.0  1547.3  2176.0  9376.5  60665.6    60720
read      478.0   323.0   160.7   219.7   235.6   405.4   532.7   604.3   658.9   723.3   805.6   943.1  1309.5  2129.7  8042.7  39920.8    39911
read      466.3   339.4   160.7   239.9   262.9   447.3   520.0   556.9   582.2   611.7   647.5   709.3   836.9  4317.6 12763.8  10542.8    10628
read      461.2   356.3   160.7   219.3   235.1   361.5   456.9   531.5   598.5   687.7   814.3  1042.5  1570.1  2349.6 10757.6  73539.2    73736
read      452.1   314.7   173.5   255.7   283.0   434.6   489.1   517.8   538.5   562.9   592.3   638.6   768.9  4957.0 11763.5   7324.6     7334
read      783.9   687.3   160.7   290.3   316.1   415.2   745.6  1372.6  1500.6  1584.8  1679.2  1811.6  2714.5  4005.6 18022.9  91657.4    91868
read      715.3   681.9   160.7   245.8   277.9   402.3   604.9  1042.3  1345.9  1510.6  1625.3  1762.6  2594.8  6612.9 18657.2  76735.2    76670
read      425.7   284.4   160.7   232.0   253.8   409.8   473.5   504.0   525.6   548.2   579.6   625.7   740.7  4024.2 12726.6  10395.6    10405
read      467.4   282.7   160.7   222.2   242.1   426.9   526.0   583.4   622.3   667.4   726.1   828.6  1116.5  1673.9 10913.3  25949.6    26019
read      450.7   316.6   160.7   213.1   228.1   360.4   467.4   544.7   606.2   681.4   788.1   975.1  1401.1  2188.7  8928.2  55607.8    55530
read      461.6   296.8   160.7   221.2   239.5   415.9   519.7   584.1   628.9   676.3   730.9   807.6  1015.1  3453.8 12336.6  29686.6    29615
read      454.0   333.0   160.7   215.3   230.2   356.4   458.7   533.3   596.5   679.8   796.6  1023.4  1520.2  2209.2 10044.4  66240.0    66057
read      454.6   329.4   148.8   213.6   228.5   359.8   467.0   542.4   604.1   684.5   797.5   993.4  1476.0  2344.1  9714.8  55338.6    55281
read      439.0   221.7   160.7   223.0   241.5   405.2   505.0   560.9   596.8   633.0   676.0   734.9   864.7  1320.4  7877.4  21210.8    21177
read      759.1   722.8   173.5   285.4   308.9   397.7   651.1  1315.7  1460.4  1557.5  1653.9  1781.3  2684.0  7000.3 19117.2  88160.2    88239
read      463.4   346.5   160.7   215.2   230.4   349.6   446.2   524.1   594.2   686.6   838.4  1125.6  1722.4  2385.3  8651.6  70388.8    70227
read      454.5   284.9   160.7   228.6   249.3   413.3   516.5   575.0   612.6   652.0   695.7   760.6   925.1  2895.4 10191.7  23453.6    23421
read      747.5   670.8   160.7   281.3   305.8   394.6   643.9  1316.5  1459.7  1554.4  1645.8  1748.4  2627.5  4053.5 17738.4  96919.0    97104
read      440.2   632.9   160.7   240.4   264.4   393.9   442.3   467.8   488.1   510.0   545.4   614.8  1459.0  7852.4 25115.1   6207.6     6235
read      445.6   294.6   160.7   213.4   228.7   364.0   467.4   540.6   598.1   668.4   761.2   924.2  1381.8  1945.8  8017.3  58085.2    58045
read      442.8   274.6   160.7   221.7   240.2   403.0   502.4   560.6   597.9   638.2   683.4   745.7   901.7  2411.4 11340.4  23587.2    23729
read      456.8   281.4   160.7   216.4   232.3   398.7   508.9   574.9   624.0   679.4   747.3   858.3  1163.8  3367.2  8533.5  40788.8    40897
read      448.1   313.1   160.7   214.6   229.6   366.8   472.4   545.4   601.2   672.4   765.4   928.0  1342.7  2050.0  9807.8  53241.6    53312
read      729.4   653.8   160.7   271.1   298.8   395.8   630.0  1136.1  1400.1  1522.4  1632.1  1766.3  2671.7  4269.8 16297.8  87279.0    87262
read      587.6   517.6   160.7   225.4   245.7   391.5   561.3   716.2   854.8  1026.9  1187.2  1548.9  2193.3  3211.7 13775.2  81683.0    81836
read      762.8   656.4   160.7   288.5   311.5   399.9   660.7  1360.0  1478.8  1567.7  1659.5  1778.5  2680.9  3709.3 15006.8  92208.8    92274
read      480.4   455.2   148.8   215.9   231.4   372.4   491.6   572.8   635.5   711.6   820.4  1068.7  1641.2  3760.5 16711.1  47322.6    47252
read      449.4   317.0   160.7   217.1   232.4   356.3   449.3   518.0   580.9   666.7   789.8  1012.4  1484.8  2242.3  9209.9  75678.4    75747
read      484.4   380.0   160.7   221.4   238.4   368.2   471.1   557.9   634.5   737.7   896.9  1119.3  1734.0  2959.0 10186.4  80980.6    80994
read      751.0   645.5   160.7   281.8   306.7   397.7   665.7  1307.0  1456.4  1553.9  1648.0  1764.4  2665.7  3737.4 15343.8  97970.2    98224
read      457.8   567.8   173.5   232.5   255.5   402.1   463.7   495.5   518.3   546.0   586.0   673.5  1612.7  9685.4 22802.2   7740.8     7737
read      481.9   330.5   160.7   218.1   234.0   402.4   520.1   590.5   643.9   713.0   813.6  1017.6  1418.1  2339.8 10028.9  37540.0    37514
read      436.2   277.7   173.5   238.1   261.9   419.5   484.6   517.5   539.9   566.2   597.2   649.6   797.3  4022.1 11270.7  10662.6    10640
read      762.5   661.8   160.7   287.0   310.2   402.0   709.5  1343.8  1475.1  1564.2  1654.9  1771.5  2651.2  4321.5 15359.2  90630.4    90490
read      764.2   640.0   160.7   287.2   310.6   405.2   733.5  1326.8  1471.0  1565.0  1659.9  1786.3  2661.7  3371.7 13521.0  92485.6    92514
read      772.0   664.6   160.7   289.8   313.7   407.6   723.0  1355.9  1487.0  1573.7  1667.7  1796.4  2681.1  4001.3 17162.0  89038.2    89245
read      702.4   654.8   160.7   255.1   282.0   393.9   625.9  1002.7  1256.0  1466.0  1601.4  1743.4  2599.4  4772.1 17360.1  73904.0    73823
read      444.8   293.7   160.7   213.0   227.6   362.5   471.2   541.1   596.2   663.5   755.9   925.8  1377.0  1890.8  9598.2  46690.8    46565
read      446.9   308.4   160.7   223.2   241.8   409.7   511.3   566.8   602.7   637.7   679.0   739.8   891.3  3540.5 13288.2  21279.2    21419
read      438.0   305.0   148.8   212.9   227.8   350.4   447.7   516.4   575.4   653.2   761.4   946.4  1376.2  2189.3 10034.9  66892.8    66915
read      462.5   315.8   160.7   219.9   236.7   412.2   516.2   582.6   630.5   681.6   740.5   831.1  1093.5  3054.2 11655.3  31487.0    31667
read      443.5   328.1   160.7   213.7   228.6   348.9   443.7   514.2   575.4   657.3   778.2   996.2  1472.3  2278.8 10178.3  71932.0    72255
read      754.3   679.5   160.7   285.8   308.9   394.9   655.6  1329.7  1465.5  1557.7  1649.3  1765.4  2659.9  5124.2 15522.5  86743.2    99535

Total QPS = 51550.4 (61860424 / 1200.0s)

Total connections = 64
Misses = 0 (0.0%)
Skipped TXs = 0 (0.0%)

RX 15279524481 bytes :   12.1 MB/s
TX          0 bytes :    0.0 MB/s
Warning! Detected max cpu usage > 95%
CPU Usage Stats (avg/min/max): 99.94%,48.73%,100.00%
