Random waveform, supplied seed
Total number of intervals = 240 (7434, 67201, 85927, 63953, 31595, 87879, 7287, 62295, 6561, 22532, 60653, 59076, 60154, 22964, 8172, 27652, 37594, 24367, 33771, 84944, 85666, 51918, 34406, 28664, 38289, 20658, 13840, 93419, 98284, 71313, 42089, 46458, 30755, 42889, 93552, 65694, 29574, 51355, 67361, 16287, 81508, 87619, 99068, 51267, 11822, 97494, 97350, 55460, 85984, 82043, 52873, 13911, 49984, 9274, 27187, 18735, 86505, 93039, 75999, 32324, 84255, 81759, 37291, 53818, 30297, 31569, 38927, 10652, 98119, 48176, 34929, 69735, 20753, 84642, 42333, 61587, 77998, 97625, 23781, 66723, 31016, 47394, 95335, 5252, 65908, 16889, 42912, 99898, 26385, 22616, 50605, 90283, 26273, 48521, 34058, 75648, 19482, 15054, 75754, 5187, 17656, 96343, 36665, 85269, 31525, 61798, 12253, 25710, 79937, 7271, 85861, 91467, 72217, 31080, 76878, 84584, 12492, 57106, 96245, 6791, 90728, 5151, 82969, 42635, 99337, 95192, 69200, 49459, 29055, 64324, 5705, 84816, 23714, 74116, 19948, 44213, 19454, 7190, 47657, 44399, 6481, 5807, 83137, 9580, 37385, 33706, 35204, 50438, 48878, 42682, 27416, 64424, 64364, 5481, 26227, 26586, 86286, 24452, 26832, 29795, 46224, 84587, 63389, 46953, 90536, 12508, 38491, 97806, 11813, 39665, 53571, 63215, 78767, 8615, 67903, 16398, 53434, 38068, 9130, 69227, 37496, 83925, 51037, 33690, 51474, 73708, 98618, 81977, 91567, 48236, 91726, 52458, 70467, 71151, 65016, 42057, 78821, 60720, 39911, 10628, 73736, 7334, 91868, 76670, 10405, 26019, 55530, 29615, 66057, 55281, 21177, 88239, 70227, 23421, 97104, 6235, 58045, 23729, 40897, 53312, 87262, 81836, 92274, 47252, 75747, 80994, 98224, 7737, 37514, 10640, 90490, 92514, 89245, 73823, 46565, 21419, 66915, 31667, 72255, 99535)
Average QPS expected = 51628
Timestamp start: 1684575779193
Timestamp end: 1684576979792

#type       avg     std     min      p5     p10     p50     p67     p75     p80     p85     p90     p95     p99    p999   p9999      QPS   target
read      435.7   492.8   173.5   241.4   268.8   405.6   461.0   490.1   509.1   534.3   564.9   613.4   927.3  5678.5 28738.2   7406.6     7434
read      367.6   344.4   160.7   211.2   223.6   310.4   372.9   418.0   455.2   501.1   558.9   642.4   963.1  3686.6 14739.5  67168.0    67201
read      342.3   268.5   160.7   211.4   223.3   299.4   351.1   386.3   414.8   452.5   502.8   579.8   764.9  2353.2  9660.2  85855.6    85927
read      365.5   242.7   160.7   212.1   224.6   314.4   379.1   424.0   461.4   506.6   564.1   641.2   907.3  2317.5  8863.8  63909.0    63953
read      581.2   525.1   160.7   228.8   247.4   430.9   579.8   692.5   804.4   969.9  1168.4  1410.7  1818.4  6680.8 18136.4  31590.4    31595
read      417.2   348.1   160.7   222.1   236.7   351.8   425.5   474.0   514.3   565.8   635.9   763.3  1524.5  3231.4 11668.6  87903.4    87879
read      508.3   938.2   173.5   246.3   271.8   430.9   494.8   528.0   550.0   581.3   621.5   686.3  2104.0 10989.4 36657.1   7283.4     7287
read      442.5   461.2   160.7   218.7   231.5   338.8   418.2   478.2   530.9   601.2   717.8   996.7  1722.9  5914.5 13244.4  62184.2    62295
read      478.0   796.0   173.5   247.5   271.0   419.3   477.0   507.2   529.5   553.0   585.5   640.2  1872.2 10069.0 32007.2   6575.2     6561
read      510.4   644.7   173.5   222.1   239.9   429.3   543.8   612.4   659.0   708.3   768.0   869.6  1475.5  8001.3 31412.9  22760.6    22532
read      462.2   482.8   160.7   219.4   233.0   346.7   440.4   511.9   574.0   658.3   791.5  1048.8  1709.8  5623.8 12880.6  60810.2    60653
read      473.8   469.2   160.7   217.2   231.0   350.6   459.3   542.7   615.1   720.6   865.4  1100.6  1659.9  4697.7 14138.0  58984.4    59076
read      466.9   420.2   160.7   219.3   233.0   353.5   457.8   535.9   600.2   690.3   826.4  1061.9  1632.6  4393.7 13036.1  60137.6    60154
read      516.1   794.3   160.7   221.8   238.5   427.8   547.1   616.7   662.3   710.8   768.1   861.8  1436.8  9659.5 31928.7  22831.8    22964
read      491.9   819.2   173.5   238.5   262.9   431.6   499.0   532.3   554.6   583.6   619.3   675.2  1654.3 11446.6 32194.9   8187.0     8172
read      515.9   662.8   160.7   220.4   236.1   421.5   537.9   617.2   677.8   745.3   819.6   941.0  1543.8  8202.3 29156.5  27734.4    27652
read      489.9   507.2   160.7   218.9   233.6   402.0   518.9   589.9   648.3   724.5   818.9   956.9  1348.3  6491.1 25295.7  37641.0    37594
read      504.2   669.8   160.7   219.2   235.1   421.1   537.0   605.7   652.0   701.5   765.4   873.1  1437.9  8658.3 31157.0  24430.0    24367
read      515.7   726.3   160.7   218.0   233.1   404.9   530.6   608.8   667.9   734.6   813.8   967.9  1802.0  9423.4 31389.9  33899.2    33771
read      507.1   659.2   160.7   222.8   238.6   351.7   409.3   456.3   505.7   596.7   996.0  1563.3  2484.8  7075.3 29077.2  85166.2    84944
read      503.1   526.6   160.7   219.8   234.3   346.4   404.4   456.8   514.6   635.5  1123.6  1598.1  2219.3  4950.8 11760.8  85581.0    85666
read      490.4   495.8   160.7   218.0   231.9   362.8   482.8   568.7   640.1   741.8   887.7  1136.6  1701.0  5818.2 16004.6  51902.8    51918
read      494.5   482.7   160.7   218.2   233.1   408.5   528.8   606.7   668.9   736.2   812.5   940.4  1388.4  6089.2 15438.8  34417.2    34406
read      506.8   671.0   160.7   218.1   233.1   413.0   532.0   612.1   672.8   737.7   810.8   925.6  1469.8  9754.0 30648.5  28685.2    28664
read      518.7   620.4   160.7   220.9   236.2   404.5   538.9   622.5   694.5   784.0   883.8  1039.3  1518.3  9023.5 28438.2  38013.6    38289
read      526.2   725.6   173.5   221.3   237.8   429.9   554.4   630.6   678.9   731.0   795.4   909.0  1609.2  9295.3 31374.9  20586.8    20658
read      521.6   935.5   173.5   225.9   244.5   431.2   526.2   574.7   609.3   652.1   711.6   799.0  2257.6 13202.9 32294.7  13810.8    13840
read      365.8   289.6   160.7   216.1   228.0   313.9   368.3   401.6   428.4   462.3   509.7   599.4  1530.3  3128.2  8904.7  93396.6    93419
read      340.2   282.8   160.7   214.2   226.0   304.2   351.2   381.4   404.7   435.6   477.7   544.8   726.1  2871.7 12891.3  98205.0    98284
read      359.8   321.8   160.7   215.1   226.9   311.9   369.7   409.8   443.5   486.9   541.2   616.8   791.1  3080.3 11751.6  71153.4    71313
read      469.7   659.0   160.7   218.2   231.1   359.3   476.2   547.3   595.3   657.3   744.0   919.2  1522.3  9079.8 29750.3  42212.6    42089
read      497.1   592.2   160.7   217.4   231.2   374.9   502.9   587.7   660.3   751.3   860.7  1054.9  1584.6  8926.5 22827.1  46437.6    46458
read      502.6   601.3   160.7   219.3   234.5   415.1   529.9   602.6   663.2   736.1   822.8   960.6  1409.9  7957.5 29943.3  30769.8    30755
read      508.9   649.2   160.7   218.2   232.2   386.6   519.4   605.4   675.0   761.3   873.0  1077.0  1624.7  8373.6 31162.5  42783.4    42889
read      358.5   308.7   160.7   213.5   225.4   306.2   356.4   388.7   414.9   451.0   502.4   589.8  1503.3  3119.7 10668.6  93599.6    93552
read      366.3   318.6   160.7   214.9   226.8   312.7   374.1   418.7   456.4   502.8   559.8   636.6   832.7  3639.6  9928.8  65707.6    65694
read      536.7   709.4   160.7   221.6   237.3   436.1   569.7   653.5   720.1   792.9   877.4  1021.5  1505.4  9718.2 31495.2  29647.0    29574
read      499.0   527.9   160.7   219.6   233.7   372.6   503.8   591.2   664.0   760.6   902.1  1139.2  1637.3  4701.5 27940.5  51395.6    51355
read      402.3   342.6   160.7   219.1   231.3   325.7   393.4   441.6   483.0   537.6   610.5   739.5  1560.3  3958.3  9381.3  67191.8    67361
read      535.8   966.4   173.5   226.3   245.7   442.3   555.4   612.8   649.8   689.1   738.8   812.7  2091.3 14157.0 32123.2  16319.6    16287
read      366.9   296.5   160.7   214.4   226.4   310.8   364.8   400.1   430.3   470.4   529.3   626.6  1409.7  3423.2  9600.5  81436.4    81508
read      354.8   255.6   160.7   218.8   230.1   316.3   368.4   400.4   426.6   460.2   506.3   582.3   773.0  3193.3  8659.9  87608.6    87619
read      347.9   281.0   160.7   218.3   229.5   312.6   361.0   390.6   413.6   443.2   486.1   555.3   743.7  3007.2 12057.6  99176.6    99068
read      497.2   535.1   160.7   219.4   233.0   366.8   490.9   578.4   652.6   751.5   888.6  1143.5  1774.5  6453.3 16079.6  51265.2    51267
read      480.4   348.1   173.5   234.3   255.3   458.4   543.0   584.3   612.2   641.6   683.5   746.9   956.9  4458.6 13957.3  11956.0    11822
read      376.8   298.9   160.7   220.0   232.8   323.8   373.5   403.4   429.0   462.1   509.3   608.0  1613.5  3402.8  7399.6  97344.2    97494
read      348.4   221.5   160.7   217.4   229.1   313.7   364.4   395.8   420.8   452.3   495.8   567.5   752.2  2599.3  8375.6  97463.2    97350
read      489.6   433.6   160.7   219.2   233.4   364.2   482.0   569.3   642.2   743.1   887.9  1143.8  1821.0  4393.0  9233.0  55334.4    55460
read      402.0   438.3   160.7   217.1   229.0   319.9   374.1   409.4   440.2   485.3   554.7   742.0  1722.9  4825.8 14061.2  85989.8    85984
read      452.7   543.2   160.7   219.8   233.1   335.8   397.2   440.3   480.8   544.2   667.2  1359.8  1933.8  5803.7 24808.6  82225.4    82043
read      481.2   393.0   160.7   218.4   232.3   365.4   483.1   569.8   646.1   745.5   877.4  1092.5  1613.0  3944.5 11537.3  52857.0    52873
read      538.0  1033.0   173.5   225.9   244.6   429.6   537.8   593.2   627.4   664.7   709.5   784.6  2758.5 15310.8 31859.0  13939.6    13911
read      488.6   406.0   160.7   218.0   232.2   367.4   487.9   574.9   651.4   758.6   900.4  1139.6  1667.8  3942.2 10785.4  49721.0    49984
read      511.9  1008.4   173.5   236.5   258.5   427.0   498.2   534.4   559.5   588.3   629.0   698.3  2964.5 13143.5 32076.4   9294.8     9274
read      519.3   663.2   160.7   220.5   236.7   423.9   543.7   622.7   684.3   757.1   843.1   969.6  1415.7  8553.9 31183.8  27141.6    27187
read      520.5   834.5   160.7   223.3   241.3   428.8   542.1   605.1   646.9   694.8   755.1   861.5  1460.7 11387.9 31934.9  18719.4    18735
read      498.8   633.8   160.7   221.3   236.6   352.4   407.2   449.7   491.6   568.5   947.9  1585.4  2150.9  7340.6 25657.6  86505.6    86505
read      442.8   470.9   160.7   220.9   234.8   342.9   396.1   432.5   465.4   513.4   605.3  1404.1  1852.3  4931.3 12119.1  92996.4    93039
read      442.1   416.4   160.7   220.2   233.9   334.9   404.2   460.8   510.3   585.0   719.4  1088.3  1827.4  3986.0 13279.7  75773.6    75999
read      504.0   639.3   160.7   219.0   233.9   407.3   528.3   605.1   664.3   730.6   807.2   958.8  1483.7  7818.5 30772.7  32356.6    32324
read      529.8   685.6   160.7   225.6   242.6   362.3   418.6   463.4   511.0   608.7  1124.1  1638.1  2692.8  7709.7 25584.7  84244.8    84255
read      496.0   565.5   160.7   222.3   237.6   350.0   412.3   462.1   513.1   604.9   941.8  1546.5  2137.0  5762.8 16938.6  81837.6    81759
read      505.6   580.2   160.7   218.6   233.3   395.2   523.6   604.4   669.5   748.8   845.3  1013.8  1635.3  8128.6 28173.1  37410.2    37291
read      495.6   520.1   160.7   219.6   234.3   364.1   479.8   571.7   650.7   758.0   907.5  1156.3  1698.9  5338.4 17613.8  53582.4    53818
read      496.6   584.2   160.7   218.7   233.6   411.3   527.7   600.6   658.7   723.6   800.5   937.8  1414.6  8374.7 21251.1  30314.8    30297
read      504.9   632.3   160.7   218.6   233.2   411.3   532.4   604.8   666.7   736.4   823.4   980.7  1493.1  8494.7 30897.0  31613.4    31569
read      492.9   545.1   160.7   217.2   231.3   394.8   521.4   600.0   659.1   730.5   821.4   988.9  1488.8  6800.2 24401.9  38963.4    38927
read      520.3  1112.2   173.5   227.6   247.5   425.8   504.7   542.2   569.3   599.3   634.9   699.5  3001.1 12905.1 32314.3  10622.4    10652
read      446.8   423.9   160.7   220.4   234.5   344.8   398.7   434.6   468.3   524.0   636.1  1436.9  1832.5  3676.6 10574.4  98081.0    98119
read      491.7   524.9   160.7   218.7   233.0   369.4   497.3   585.3   659.2   751.4   872.6  1096.0  1616.6  5073.8 25698.5  48125.8    48176
read      487.0   448.7   160.7   218.2   232.9   403.1   526.0   606.6   669.7   739.6   816.4   941.3  1324.0  5314.3 11707.0  34845.8    34929
read      434.1   433.8   160.7   216.2   229.0   328.8   400.7   461.3   513.3   583.3   702.0  1031.3  1787.4  4499.5 12397.5  69584.0    69735
read      539.5   955.6   160.7   220.0   236.1   428.3   544.7   614.5   664.1   719.4   782.9   894.1  2181.9 10946.5 32360.9  20847.2    20753
read      363.0   389.3   160.7   213.2   225.2   306.2   359.2   395.2   425.0   464.6   521.3   613.9  1277.3  4407.4 12850.0  84814.8    84642
read      382.7   290.1   160.7   212.4   224.7   317.8   398.1   469.5   515.4   560.6   610.1   675.3   864.3  3794.2  9091.9  42284.6    42333
read      361.2   367.9   160.7   211.5   223.7   306.2   364.7   405.9   446.1   500.2   561.8   633.7   813.6  4430.3 10906.9  61649.2    61587
read      353.6   327.9   160.7   213.6   225.6   306.9   361.0   396.8   426.5   465.0   523.5   609.8   818.0  2584.4 11706.5  77965.2    77998
read      343.9   236.8   160.7   215.2   227.0   308.5   357.6   387.8   410.8   440.4   483.8   560.4   756.6  3043.1 10024.1  97616.6    97625
read      496.0   655.0   160.7   217.2   232.2   406.2   513.4   579.5   639.1   705.0   777.4   897.9  1443.5  9594.1 29418.7  23872.8    23781
read      376.6   373.9   160.7   215.3   227.5   317.7   378.6   421.5   456.8   502.0   560.8   647.0  1123.4  4788.5 11765.3  66748.6    66723
read      503.0   566.3   160.7   217.7   232.1   399.8   523.9   597.9   657.5   744.4   859.1  1053.0  1549.4  7577.9 30469.9  31054.0    31016
read      489.5   512.8   160.7   215.8   229.7   362.1   481.8   564.8   635.6   735.1   897.0  1172.6  1670.0  5435.8 15132.4  47216.8    47394
read      361.6   322.9   160.7   213.2   225.4   308.9   360.5   392.2   417.3   450.3   498.5   587.0  1539.0  3368.9 10917.5  95418.0    95335
read      503.7  1252.2   173.5   253.7   280.0   384.3   429.7   454.9   471.2   494.0   522.5   577.6  3524.3 23704.4 32223.3   5245.6     5252
read      365.4   256.2   160.7   214.1   226.3   314.8   377.0   419.8   455.0   497.9   549.9   624.8   983.7  2797.6  8763.6  65801.0    65908
read      524.2  1051.6   173.5   224.0   241.4   420.6   522.6   577.8   614.0   653.2   702.5   788.8  2015.2 15741.7 32312.8  17020.6    16889
read      500.7   571.2   160.7   217.8   232.5   390.6   520.1   600.2   660.9   735.5   836.5  1049.2  1632.6  6640.6 28493.2  42908.2    42912
read      361.0   339.7   160.7   214.5   226.5   309.4   361.4   393.8   419.2   451.8   499.2   587.4  1451.4  3577.1 10771.6  99832.0    99898
read      507.8   680.5   160.7   220.1   236.0   418.7   531.7   602.7   656.6   715.8   783.2   903.2  1595.6  8982.2 31133.5  26162.8    26385
read      507.3   826.6   160.7   219.4   235.6   413.4   527.0   601.1   650.1   700.1   755.8   850.5  1338.1 13316.0 31523.0  22624.2    22616
read      470.5   482.2   160.7   215.7   229.6   355.7   468.3   545.5   608.2   694.5   810.7  1012.3  1689.3  5624.2 15826.1  50633.4    50605
read      339.1   242.3   160.7   212.4   224.3   301.9   349.4   380.4   404.2   437.4   483.3   555.4   730.3  2976.9 10147.6  90326.6    90283
read      506.3   623.6   160.7   220.3   236.1   419.1   542.1   617.0   670.4   731.0   807.5   936.6  1326.6  7927.4 29596.6  26323.8    26273
read      514.8   569.5   160.7   216.7   230.8   368.1   501.6   592.8   677.8   794.8   964.1  1232.8  1864.6  6896.5 18328.3  48618.6    48521
read      521.7   617.4   160.7   219.6   234.9   414.5   546.6   637.8   713.0   796.6   898.6  1065.4  1462.0  7371.0 30802.8  34010.0    34058
read      374.9   369.2   160.7   215.3   227.3   316.0   374.4   412.9   444.1   484.7   541.5   633.9  1284.2  4347.0 15074.6  75666.4    75648
read      532.7   825.4   160.7   222.9   240.0   447.6   561.2   630.2   675.9   724.1   782.5   872.7  1593.2 10024.5 35912.0  19525.8    19482
read      573.6  1143.6   160.7   224.6   242.7   468.1   576.9   630.6   667.3   707.4   753.9   844.8  2483.7 15855.7 32290.6  14982.0    15054
read      366.8   313.1   160.7   212.0   224.1   306.3   362.2   400.2   433.4   478.8   540.2   634.2  1390.4  3145.9 10233.6  75378.4    75754
read      557.4  1698.0   187.4   257.4   283.8   387.7   433.8   459.6   477.7   501.2   534.4   600.0  4527.0 31143.8 37774.6   5150.4     5187
read      493.0   597.2   160.7   223.2   241.0   421.1   526.8   589.4   631.8   678.3   732.7   820.9  1190.7  7327.6 30756.0  17743.2    17656
read      387.3   380.6   160.7   218.5   230.7   324.4   380.3   414.5   441.3   477.4   535.1   655.8  1666.1  3503.6 12805.9  96039.8    96343
read      462.2   402.4   160.7   216.6   230.6   377.4   495.2   559.5   606.0   667.7   760.1   921.0  1423.6  4704.1  9033.8  36614.8    36665
read      370.2   372.2   160.7   216.3   228.1   316.1   372.6   407.6   435.4   470.9   524.0   614.6  1369.4  3630.7 16791.2  85183.4    85269
read      499.5   503.3   160.7   219.0   233.5   399.7   523.4   594.5   653.7   734.6   855.6  1062.7  1525.1  5977.2 19095.6  31533.4    31525
read      380.3   351.1   160.7   214.9   227.1   318.2   384.0   430.9   469.0   516.6   579.0   675.8  1128.4  4424.2  9115.7  61819.0    61798
read      493.6   745.3   160.7   226.9   246.4   425.6   523.5   571.7   601.7   633.8   675.8   742.7  1551.8  9900.8 31395.8  12304.2    12253
read      529.2   819.3   160.7   219.7   235.1   427.6   547.5   623.5   677.2   738.0   809.1   927.8  1763.8 11265.9 31390.2  25886.6    25710
read      496.4   540.9   160.7   221.9   236.9   352.0   419.6   472.0   531.3   632.0   932.4  1522.0  2265.7  5121.3 13851.9  80188.2    79937
read      481.0   411.6   173.5   256.0   284.6   445.4   504.3   535.9   558.3   586.0   623.1   683.0  1264.7  6995.4 11808.2   7362.6     7271
read      370.8   256.5   160.7   219.9   232.4   321.7   379.1   415.9   445.7   484.1   538.2   634.1  1078.4  3083.4  8314.2  86084.4    85861
read      341.9   213.5   160.7   215.7   227.3   307.5   357.6   389.9   415.2   447.9   492.9   563.8   725.5  1605.1  7389.2  91492.2    91467
read      394.8   280.4   160.7   219.5   232.0   326.6   395.4   445.1   487.1   541.4   617.7   761.0  1280.4  2452.5  9572.9  72327.8    72217
read      484.8   310.4   160.7   224.4   242.7   431.3   545.7   613.2   663.0   720.0   787.8   897.5  1175.8  1839.5 10413.5  31260.0    31080
read      371.0   290.8   160.7   218.9   230.8   321.2   382.9   423.4   456.0   496.8   552.7   647.1   947.0  2449.1 10473.6  76772.8    76878
read      354.2   209.9   160.7   219.2   230.6   316.2   371.5   406.0   434.1   468.8   516.8   593.3   771.1  1967.3  7384.0  84363.8    84584
read      469.0   322.0   173.5   237.9   260.3   451.0   531.1   571.4   598.8   630.3   670.2   731.4   867.9  3954.6 13855.6  12543.0    12492
read      474.6   352.8   160.7   220.4   235.9   371.6   485.3   567.6   633.5   720.8   846.1  1054.6  1607.7  2280.1 11169.3  56916.0    57106
read      357.0   251.3   160.7   217.5   229.1   312.7   363.6   395.0   420.2   452.7   498.9   581.6  1376.3  2637.5  8991.3  95998.6    96245
read      474.0   420.2   173.5   258.7   286.5   452.1   508.7   538.8   559.6   583.3   615.7   669.0   870.6  5873.4 16131.7   6689.6     6791
read      379.4   332.6   160.7   220.2   233.1   323.9   377.3   410.4   436.6   472.4   527.8   632.5  1562.4  2820.4 14331.4  90295.6    90728
read      496.2  1050.1   173.5   260.5   286.8   418.3   469.1   496.9   516.0   538.6   569.8   626.2  2092.3 12317.5 36482.0   5175.2     5151
read      449.2   442.0   148.8   220.2   233.6   339.6   398.2   437.5   475.8   536.0   647.6  1385.4  2007.9  4248.0 10561.0  82742.2    82969
read      506.0   530.2   160.7   220.2   235.0   397.6   532.0   615.0   681.2   768.4   878.8  1083.6  1494.3  6013.3 24202.9  42588.0    42635
read      372.0   294.5   160.7   218.5   230.1   319.1   372.2   403.2   429.1   463.0   512.9   613.6  1584.6  2930.3 11367.9  99347.6    99337
read      345.6   207.8   160.7   216.8   228.3   310.9   361.0   391.8   415.8   446.5   489.9   563.2   751.4  2664.5  7955.1  95326.8    95192
read      412.6   405.7   160.7   218.1   230.6   329.7   399.3   451.3   495.1   550.8   632.7   834.7  1546.4  5237.1 12684.9  69241.6    69200
read      494.8   458.9   160.7   218.8   232.8   370.4   502.3   591.6   668.3   769.4   901.6  1118.7  1619.9  5510.9 14664.5  49435.6    49459
read      525.9   473.7   173.5   222.9   239.3   453.3   584.2   667.2   725.7   787.9   863.4   995.4  1408.7  5433.5 16074.7  29245.2    29055
read      408.9   383.2   160.7   218.1   230.4   331.6   405.9   459.3   503.2   559.5   633.0   788.0  1429.8  3755.6 12501.8  64385.6    64324
read      493.1   840.5   187.4   260.2   289.4   433.2   486.0   513.2   534.0   556.6   586.7   638.6  2171.5  9175.2 32148.5   5743.2     5705
read      374.4   305.2   160.7   218.0   229.6   320.0   377.8   414.5   443.5   481.0   534.5   628.9  1444.1  3261.9  8313.6  84641.0    84816
read      527.8   533.8   160.7   223.7   240.7   460.4   585.4   665.4   722.8   782.0   849.8   951.5  1262.4  6246.1 27060.8  23594.8    23714
read      376.1   275.0   160.7   218.7   230.4   322.6   386.9   429.1   463.3   507.3   567.8   659.2  1009.4  2809.8 10503.6  74166.8    74116
read      543.1   711.5   173.5   224.7   242.4   474.3   592.1   661.1   707.9   755.7   814.1   915.7  1465.3  8617.6 31961.4  19942.6    19948
read      517.6   515.7   160.7   220.3   234.9   389.0   532.2   624.4   701.8   805.6   948.8  1161.7  1676.6  6910.1 16504.8  44198.0    44213
read      522.7   530.5   173.5   224.7   242.7   465.3   584.9   651.1   693.6   737.2   789.9   869.9  1245.6  7208.1 19523.5  19280.8    19454
read      502.1   741.6   173.5   247.3   276.5   448.2   511.1   543.2   566.4   591.2   628.2   687.1  1695.1  9764.3 32224.3   7245.0     7190
read      495.9   449.6   160.7   220.0   234.1   371.5   501.3   585.0   657.5   760.2   913.4  1140.3  1708.1  4192.1 15427.1  47596.2    47657
read      496.0   445.8   160.7   218.9   232.6   377.3   510.3   591.8   664.9   771.5   904.4  1119.5  1642.3  4323.4 13646.3  44408.4    44399
read      452.4   411.4   173.5   258.0   288.6   426.7   474.1   500.1   518.8   541.0   570.8   619.8   789.8  7939.9 12884.2   6462.8     6481
read      438.5   393.7   173.5   264.7   296.7   415.4   458.8   483.2   500.6   522.4   549.0   593.9   741.0  6796.9 12627.2   5810.2     5807
read      361.3   302.3   160.7   214.6   226.6   309.7   363.8   399.5   429.8   468.4   522.7   616.4  1148.6  3322.1 11184.9  82992.0    83137
read      505.2   971.6   173.5   232.0   253.9   416.3   486.6   522.7   547.0   576.4   612.6   673.0  2870.6 12405.4 32135.8   9547.4     9580
read      503.3   630.7   160.7   219.1   233.8   408.0   531.7   608.1   669.4   735.1   814.2   956.4  1495.0  9141.2 30756.3  37208.8    37385
read      535.7   842.2   160.7   220.1   235.1   416.8   540.5   617.8   677.4   745.9   839.7  1034.3  1719.1 12327.9 33226.8  33680.0    33706
read      506.3   595.3   160.7   217.5   232.3   406.6   529.4   605.7   666.0   736.7   827.3  1032.2  1539.5  7908.8 27468.3  35222.4    35204
read      486.1   456.1   160.7   217.7   231.5   364.5   486.5   566.9   634.0   731.3   865.2  1156.3  1671.3  4010.7 13419.3  50612.8    50438
read      387.5   356.3   160.7   213.8   226.3   322.9   400.4   455.5   498.0   544.4   595.0   666.9  1066.6  4182.7 13297.6  48826.8    48878
read      394.8   362.3   160.7   216.0   228.4   332.0   417.1   476.1   519.2   562.4   609.6   675.9   968.9  3540.9 15219.1  42721.6    42682
read      492.6   560.1   160.7   220.2   236.2   424.4   527.8   590.1   637.7   689.7   749.6   853.6  1314.9  8282.6 27383.6  27454.4    27416
read      375.2   216.5   160.7   216.2   229.0   326.8   396.5   441.4   477.0   519.5   571.4   646.5   958.6  2146.2  7525.9  64408.6    64424
read      368.2   207.3   160.7   217.0   229.6   325.5   393.6   436.2   469.4   508.8   557.6   629.2   801.5  1633.2  8127.2  64317.6    64364
read      428.9   334.8   173.5   259.5   289.5   401.8   445.9   469.3   486.5   504.3   532.1   580.5   881.2  4718.9 12078.0   5503.0     5481
read      512.3   428.0   173.5   225.5   244.0   441.4   546.7   612.4   664.7   732.5   861.1  1096.7  1409.9  3632.3 15042.9  26276.8    26227
read      511.6   360.5   160.7   226.2   245.1   443.5   549.2   616.1   668.4   733.7   854.7  1085.4  1413.2  3269.6 13344.5  26681.2    26586
read      361.2   332.3   160.7   211.5   223.5   304.6   357.9   391.7   418.9   454.1   502.3   589.6  1559.8  3209.1  9130.2  86165.2    86286
read      479.4   591.3   160.7   216.7   232.6   408.0   506.1   564.8   608.2   655.0   713.1   823.7  1346.2  8472.5 30762.5  24475.4    24452
read      500.4   680.0   160.7   218.1   233.0   412.8   516.4   584.5   635.0   689.6   760.7   925.1  1569.6  9765.9 30736.9  26772.0    26832
read      503.3   723.3   160.7   214.5   229.5   404.8   509.4   578.1   628.4   687.8   765.4   956.2  2112.9  9950.9 30983.5  29743.8    29795
read      478.1   485.4   160.7   213.7   228.0   370.1   487.4   563.3   625.5   708.3   836.4  1059.1  1512.2  5404.6 12858.6  46067.2    46224
read      365.4   338.8   160.7   212.4   224.5   306.6   360.4   395.6   424.9   464.1   523.8   629.1  1372.6  3754.2  9732.1  84574.0    84587
read      376.4   343.7   160.7   213.2   225.6   311.5   375.9   428.0   471.5   523.0   583.3   677.1  1084.5  3226.4 12385.9  63293.0    63389
read      485.7   497.8   160.7   217.8   231.9   375.8   497.9   578.7   646.7   736.2   845.7  1037.5  1555.2  5732.8 16581.7  47042.8    46953
read      496.2   476.4   148.8   222.9   239.1   352.9   408.5   455.8   505.0   596.5  1084.6  1582.2  2029.1  3055.8 11386.3  90466.0    90536
read      475.9   353.3   173.5   237.4   258.6   449.6   531.6   573.5   601.9   633.9   675.9   739.7   925.7  4599.9 10869.9  12478.8    12508
read      496.4   348.1   160.7   222.2   239.0   407.6   541.4   617.7   677.2   751.6   859.1  1064.7  1432.0  2226.5 12394.1  38544.2    38491
read      431.1   491.3   160.7   221.5   236.0   340.0   394.5   430.3   462.1   506.7   584.8   976.3  1824.4  4911.8 16947.2  97915.8    97806
read      520.8   966.0   160.7   232.5   252.7   438.1   532.3   579.5   610.1   641.6   685.9   759.4  1854.8 14195.6 35210.3  11760.4    11813
read      530.2   673.6   160.7   221.9   237.8   393.9   531.3   617.9   692.6   798.3   935.7  1187.1  1658.1  9131.7 30766.5  39562.0    39665
read      487.5   369.0   160.7   221.9   237.9   372.8   489.2   574.5   643.9   740.6   887.7  1138.2  1642.4  3145.8 11784.2  53579.6    53571
read      463.0   352.7   160.7   219.1   233.9   362.0   466.7   547.1   614.4   702.5   826.5  1032.0  1515.3  2320.2 10606.3  63107.8    63215
read      386.2   258.4   160.7   217.5   230.3   324.2   387.3   430.3   466.2   514.6   584.4   732.9  1281.3  2305.7  8679.5  79021.2    78767
read      459.3   317.5   173.5   249.5   275.0   442.2   504.3   537.2   559.4   583.7   616.5   668.4   797.6  4387.3 12760.5   8649.2     8615
read      453.8   344.6   160.7   218.3   232.9   354.9   452.7   527.5   591.0   681.9   806.9  1021.5  1476.8  2252.5 12419.6  67484.0    67903
read      474.0   364.8   160.7   234.5   254.5   444.7   546.3   595.4   627.1   661.8   702.0   766.3   915.7  4319.0 14379.3  16457.8    16398
read      472.8   363.6   160.7   220.1   235.7   375.1   492.3   573.8   636.7   715.5   823.3  1022.8  1477.7  2294.0 13827.7  53410.2    53434
read      483.5   290.8   160.7   223.8   241.7   418.2   540.9   613.3   666.5   728.4   806.4   933.9  1254.7  1815.4  9256.5  38044.2    38068
read      466.4   358.0   173.5   246.4   271.2   449.8   514.5   548.5   573.0   599.2   633.2   685.0   801.7  4144.1 15496.9   9133.0     9130
read      455.6   316.0   160.7   220.2   235.8   361.0   457.9   532.1   597.6   683.4   803.0  1008.7  1475.6  2247.7  9434.8  69168.8    69227
read      490.1   320.8   160.7   226.2   245.1   429.2   547.0   616.5   669.1   729.2   802.9   924.5  1243.5  2880.0 10626.4  37447.8    37496
read      649.7   564.5   160.7   239.6   263.2   406.4   651.6   843.9   998.9  1104.5  1332.7  1739.6  2450.5  3810.3 12919.5  83929.4    83925
read      467.4   329.4   160.7   219.7   234.8   375.1   491.4   569.7   628.7   704.6   807.3   989.7  1477.8  2368.3 10813.1  51073.6    51037
read      483.9   306.4   160.7   225.6   244.4   430.4   546.4   615.3   664.1   719.6   784.4   880.6  1149.0  3139.9 10311.6  33571.0    33690
read      471.6   356.3   160.7   220.5   236.2   382.2   500.3   578.6   636.9   712.3   811.8   979.4  1417.4  2390.8 13979.6  51453.4    51474
read      450.4   308.9   160.7   219.7   235.1   358.7   452.0   522.3   584.1   668.3   791.3  1001.8  1450.5  2150.4  9304.3  73535.0    73708
read      782.4   702.5   160.7   296.5   319.3   411.6   714.8  1361.1  1493.1  1578.6  1674.6  1815.1  2721.9  4762.2 17614.4  98910.4    98618
read      783.0   670.0   173.5   298.0   321.1   407.9   745.8  1401.3  1514.5  1592.6  1680.3  1799.7  2675.3  3241.5 15935.9  81870.6    81977
read      790.8   699.9   160.7   298.3   322.3   413.0   749.1  1407.1  1518.0  1595.4  1684.7  1807.3  2689.5  6770.6 16746.0  91613.6    91567
read      575.0   583.5   148.8   224.2   242.0   377.5   501.9   636.9   779.6  1008.7  1316.0  1603.4  1906.4  5730.0 17390.1  48279.2    48236
read      776.7   668.4   173.5   291.5   316.0   413.6   719.2  1323.6  1476.2  1574.7  1675.8  1820.9  2725.9  3770.3 14183.0  91388.2    91726
read      513.3   427.4   160.7   221.0   237.8   376.5   497.8   592.9   671.2   780.8   966.6  1320.7  1830.6  2943.2 12899.6  52271.8    52458
read      457.9   318.9   160.7   221.1   237.2   365.8   462.2   535.3   599.6   684.2   800.2  1005.8  1445.6  2342.6 10552.1  70353.2    70467
read      460.3   339.7   160.7   221.3   237.4   363.0   461.3   535.4   601.4   690.3   816.1  1035.3  1462.0  2310.8 10081.3  71165.0    71151
read      468.7   359.9   160.7   220.8   236.7   366.1   469.5   549.0   617.3   704.0   822.7  1052.3  1563.8  2740.7 11030.1  64946.8    65016
read      478.9   331.5   160.7   221.2   237.6   406.2   527.7   597.8   650.0   714.7   797.8   945.3  1311.7  2905.8 11941.7  42117.6    42057
read      497.4   421.0   160.7   223.3   240.6   367.4   478.0   571.8   656.6   771.8   954.5  1166.5  1821.4  2995.0 14513.0  78882.4    78821
read      460.3   315.4   160.7   219.5   234.6   367.0   471.3   547.5   608.1   686.6   798.5  1018.0  1481.1  2313.3  9080.1  60580.8    60720
read      478.3   305.3   160.7   222.5   239.9   414.0   531.8   602.6   655.7   716.0   789.2   923.5  1255.4  1949.5  9871.9  40021.0    39911
read      471.5   332.5   173.5   242.0   265.4   453.6   525.3   560.0   583.9   613.2   648.7   700.7   830.3  5125.3 10217.5  10654.8    10628
read      453.0   316.7   160.7   219.2   234.0   355.1   449.6   519.8   585.1   673.6   803.4  1044.4  1527.4  2220.3  9099.6  73601.4    73736
read      458.1   356.4   173.5   252.5   280.7   439.6   495.2   524.6   544.4   569.4   597.8   643.1   762.5  5911.7 12691.1   7287.8     7334
read      779.0   709.0   160.7   295.5   319.0   407.4   692.5  1374.3  1501.9  1584.4  1676.4  1803.0  2698.9  6057.4 17268.6  91726.8    91868
read      703.3   632.4   160.7   253.1   283.3   395.1   612.0  1041.9  1323.9  1490.9  1606.2  1730.6  2559.3  3196.9 18921.0  76643.4    76670
read      466.3   282.4   160.7   242.6   266.0   454.9   525.4   560.0   584.2   612.3   644.0   701.3   825.0  4086.4  9938.8  10481.8    10405
read      500.4   304.2   160.7   228.1   248.8   452.9   562.9   627.8   673.7   726.1   794.8   922.4  1202.4  3294.9  9964.7  26072.6    26019
read      473.0   371.6   160.7   219.9   235.3   373.6   488.3   565.9   626.3   703.6   818.8  1044.7  1547.9  2710.3 12099.9  55411.2    55530
read      478.7   260.9   160.7   225.3   244.4   433.1   543.6   607.7   654.5   706.8   769.0   866.7  1117.5  1771.9  8319.2  29575.0    29615
read      457.6   325.3   160.7   219.9   235.2   363.5   465.4   542.2   605.5   685.7   799.9  1012.2  1449.4  2109.9 10128.7  65964.6    66057
read      469.6   334.7   160.7   220.5   236.4   374.5   489.9   569.9   631.5   711.6   820.1  1021.8  1454.5  2174.3 11383.9  55298.6    55281
read      482.0   388.5   160.7   233.1   253.9   441.2   548.8   607.4   645.3   686.4   735.7   806.7   992.4  3574.0 15790.7  21182.8    21177
read      784.3   964.8   160.7   292.9   316.5   412.2   692.2  1333.0  1484.1  1579.1  1682.0  1831.1  2748.3  6780.6 19143.1  88255.2    88239
read      562.1   612.5   160.7   228.9   249.5   384.5   496.1   615.6   734.0   924.9  1228.0  1575.6  1884.0  3136.0 15547.5  70386.4    70227
read      479.1   899.2   160.7   230.4   251.1   436.3   547.1   607.5   647.4   690.1   739.7   808.0  1004.9  2156.9  9201.2  23325.2    23421
read      764.9   678.8   173.5   289.0   313.5   403.6   671.9  1307.0  1467.2  1565.8  1665.7  1810.5  2724.7  3895.7 15697.3  97113.0    97104
read      478.5   558.5   173.5   245.3   271.6   424.6   483.2   512.7   535.9   563.9   604.7   707.2  1695.5  8600.5 17436.5   6208.0     6235
read      474.7   343.1   160.7   222.6   239.5   378.2   489.3   567.2   630.6   711.6   825.5  1034.3  1536.7  2510.4 11796.7  58033.0    58045
read      477.0   257.9   160.7   229.6   250.1   434.5   546.1   606.9   648.8   694.5   745.7   829.3  1043.9  3190.7  8859.0  23804.6    23729
read      484.0   307.4   160.7   223.1   240.4   414.0   534.6   607.1   660.6   724.3   803.1   953.6  1334.3  2511.4  9786.1  40918.0    40897
read      470.8   339.5   160.7   220.1   235.7   373.9   489.4   569.0   631.1   709.6   821.9  1031.3  1488.6  2186.8 11494.1  53249.0    53312
read      769.7   749.4   160.7   285.0   311.4   408.8   688.5  1293.6  1472.6  1572.3  1672.5  1810.6  2704.6  7093.5 22474.4  87234.4    87262
read      756.7   760.1   160.7   279.0   304.8   403.7   704.4  1260.3  1448.6  1555.7  1654.2  1782.3  2675.6  4039.2 14895.7  81820.2    81836
read      789.5   730.1   160.7   297.6   321.4   411.9   716.0  1388.5  1514.3  1595.3  1691.6  1824.2  2725.9  6381.4 17467.8  92397.4    92274
read      507.6   415.6   160.7   220.9   236.6   365.9   483.7   577.3   660.0   779.0   996.9  1378.5  1784.0  2766.8 12031.6  47393.4    47252
read      471.9   373.8   160.7   222.9   239.7   363.8   463.9   541.8   613.2   711.1   856.7  1088.8  1587.4  2656.2 11814.8  75954.6    75747
read      549.8   438.5   160.7   230.1   249.8   387.0   524.7   651.8   759.7   918.8  1082.2  1362.5  2067.6  3021.4  9267.4  81144.0    80994
read      786.6   747.4   173.5   293.0   318.6   412.5   724.8  1369.8  1508.9  1591.2  1683.4  1810.3  2709.8  7833.8 22367.9  97899.8    98224
read      495.4   661.3   173.5   240.1   262.7   433.6   503.4   540.8   568.3   600.3   649.2   776.1  1690.1  8118.6 30658.8   7743.0     7737
read      510.7   359.0   160.7   224.8   242.5   416.5   547.7   627.5   689.4   772.0   902.7  1138.9  1525.8  2159.7 11996.3  37378.0    37514
read      472.8   324.2   173.5   245.3   269.3   461.7   534.9   570.2   593.6   623.5   659.7   715.2   838.0  3825.7 15401.8  10646.4    10640
read      784.7   680.5   160.7   297.8   320.9   411.4   715.8  1381.1  1503.9  1587.4  1682.8  1820.6  2733.7  3928.4 14868.8  90571.4    90490
read      792.5   695.5   173.5   299.4   323.6   414.5   728.1  1401.0  1519.9  1599.9  1690.2  1817.3  2721.2  5928.3 15336.5  92395.6    92514
read      781.8   723.5   160.7   297.4   319.7   405.8   703.1  1370.3  1499.2  1583.4  1679.8  1815.7  2724.4  5928.2 19030.6  89162.2    89245
read      782.5   727.3   173.5   291.5   316.1   410.2   745.8  1356.2  1502.9  1588.9  1682.1  1807.2  2693.4  6838.8 19748.8  73807.8    73823
read      494.0   421.5   160.7   220.2   234.6   359.0   482.2   573.6   649.2   749.5   937.6  1237.0  1740.9  3381.7 14134.5  46677.4    46565
read      479.0   330.6   160.7   230.0   250.8   440.1   552.4   609.0   645.7   687.3   735.4   802.8   979.2  3949.0 13214.2  21422.4    21419
read      456.7   329.5   160.7   219.1   233.8   359.2   459.8   535.2   600.5   684.9   803.5  1025.3  1486.4  2344.1  9312.0  67161.4    66915
read      482.9   318.0   160.7   225.1   243.7   436.5   547.2   614.9   662.1   714.3   777.0   877.8  1141.7  1596.0 10023.5  31626.2    31667
read      457.0   313.5   160.7   220.2   235.8   359.9   457.9   531.6   597.5   688.7   818.0  1036.9  1471.0  2130.4  9077.3  72204.0    72255
read      773.5   760.3   160.7   293.0   315.5   401.1   667.9  1343.7  1480.0  1570.3  1666.5  1802.3  2712.1  8058.1 20231.4  84876.0    99535

Total QPS = 51553.3 (61863948 / 1200.0s)

Total connections = 64
Misses = 0 (0.0%)
Skipped TXs = 0 (0.0%)

RX 15280395403 bytes :   12.1 MB/s
TX          0 bytes :    0.0 MB/s
Warning! Detected max cpu usage > 95%
CPU Usage Stats (avg/min/max): 99.97%,44.62%,100.00%
