Random waveform, supplied seed
Total number of intervals = 200 (7434, 67201, 85927, 63953, 31595, 87879, 7287, 62295, 6561, 22532, 60653, 59076, 60154, 22964, 8172, 27652, 37594, 24367, 33771, 84944, 85666, 51918, 34406, 28664, 38289, 20658, 13840, 93419, 98284, 71313, 42089, 46458, 30755, 42889, 93552, 65694, 29574, 51355, 67361, 16287, 81508, 87619, 99068, 51267, 11822, 97494, 97350, 55460, 85984, 82043, 52873, 13911, 49984, 9274, 27187, 18735, 86505, 93039, 75999, 32324, 84255, 81759, 37291, 53818, 30297, 31569, 38927, 10652, 98119, 48176, 34929, 69735, 20753, 84642, 42333, 61587, 77998, 97625, 23781, 66723, 31016, 47394, 95335, 5252, 65908, 16889, 42912, 99898, 26385, 22616, 50605, 90283, 26273, 48521, 34058, 75648, 19482, 15054, 75754, 5187, 17656, 96343, 36665, 85269, 31525, 61798, 12253, 25710, 79937, 7271, 85861, 91467, 72217, 31080, 76878, 84584, 12492, 57106, 96245, 6791, 90728, 5151, 82969, 42635, 99337, 95192, 69200, 49459, 29055, 64324, 5705, 84816, 23714, 74116, 19948, 44213, 19454, 7190, 47657, 44399, 6481, 5807, 83137, 9580, 37385, 33706, 35204, 50438, 48878, 42682, 27416, 64424, 64364, 5481, 26227, 26586, 86286, 24452, 26832, 29795, 46224, 84587, 63389, 46953, 90536, 12508, 38491, 97806, 11813, 39665, 53571, 63215, 78767, 8615, 67903, 16398, 53434, 38068, 9130, 69227, 37496, 83925, 51037, 33690, 51474, 73708, 98618, 81977, 91567, 48236, 91726, 52458, 70467, 71151, 65016, 42057, 78821, 60720, 39911, 10628)
Average QPS expected = 50559
Timestamp start: 1684676027764
Timestamp end: 1684677228169

#type       avg     std     min      p5     p10     p50     p67     p75     p80     p85     p90     p95     p99    p999   p9999      QPS   target
read      354.3   269.2   160.7   215.0   233.3   336.3   373.9   394.5   408.5   426.5   449.2   484.7   628.3  4103.1  9450.1   7387.3     7434
read      388.1   321.2   148.8   191.6   202.4   293.6   368.7   433.1   500.9   598.6   717.7   932.6  1287.3  1948.2  9107.4  66993.5    67201
read      366.4   413.8   148.8   191.6   201.9   276.8   329.5   366.0   398.3   450.5   560.0   887.6  1611.7  4022.6 10717.2  86007.3    85927
read      442.8   487.5   148.8   200.5   212.9   312.6   377.4   434.0   490.8   586.7   849.3  1209.6  1969.6  4284.1 13082.5  63924.3    63953
read      414.4   314.7   148.8   196.2   209.5   363.7   460.5   518.1   560.6   608.2   667.8   770.3  1041.6  2769.5  9428.3  31698.8    31595
read      389.1   527.2   148.8   193.8   205.1   282.9   332.9   368.6   401.1   453.6   569.8   964.5  2163.4  5602.8 20699.9  87925.5    87879
read      408.4   967.5   160.7   214.1   232.5   343.5   385.9   408.2   425.8   445.7   469.8   519.2  1260.4 12540.5 32137.5   7284.5     7287
read      415.5   483.4   148.8   192.1   203.3   301.7   385.7   460.3   530.5   629.9   759.8   978.2  1406.9  6003.4 16084.7  62179.8    62295
read      424.8  1083.0   160.7   216.0   235.7   337.0   374.4   395.8   411.0   429.8   455.4   501.1  2461.3 16064.7 32212.5   6568.3     6561
read      432.3   681.1   160.7   195.7   208.5   369.1   453.3   505.6   538.5   575.0   617.0   680.2  1174.9  8062.7 31648.8  22422.5    22532
read      424.1   552.1   148.8   192.8   204.1   304.8   393.5   467.6   541.7   641.0   772.1   973.5  1453.6  7959.6 28055.8  60641.7    60653
read      421.7   453.4   148.8   194.7   206.3   311.2   403.8   482.0   554.6   650.2   776.1   980.8  1350.5  4817.3 13024.5  59123.2    59076
read      424.8   521.7   148.8   193.4   204.7   304.0   393.6   469.0   545.8   653.1   792.5   975.7  1420.0  5974.7 24790.0  60126.3    60154
read      418.1   514.8   148.8   195.2   207.8   369.6   454.4   506.6   541.1   579.2   621.9   684.4   933.0  6426.7 26682.6  22908.8    22964
read      408.0   780.1   160.7   212.8   230.5   350.6   396.2   420.8   436.9   457.3   482.2   528.8  1663.8  8657.7 31967.9   8209.5     8172
read      451.2   822.1   148.8   194.3   206.3   368.4   461.9   520.9   561.3   605.5   655.6   738.0  1361.0 10966.4 32093.5  27570.7    27652
read      446.0   620.7   148.8   196.5   208.7   351.1   462.2   538.0   597.8   662.0   741.0   867.9  1172.9  8932.5 30820.8  37591.8    37594
read      435.8   665.3   148.8   195.6   208.5   372.6   459.3   514.2   552.7   594.3   639.4   716.9  1037.4  8000.8 31547.6  24232.2    24367
read      444.4   589.0   148.8   196.6   208.8   359.6   469.7   542.2   597.0   656.1   730.9   851.6  1156.6  7853.7 30975.0  33937.5    33771
read      398.0   540.8   148.8   194.8   206.3   287.8   341.0   379.7   416.5   475.0   617.6   969.5  2118.7  5904.5 19534.7  84938.5    84944
read      397.9   512.4   148.8   196.0   207.5   289.9   341.8   377.8   412.6   468.8   604.4   975.8  2193.9  4913.9 22312.4  85833.8    85666
read      428.6   581.8   148.8   194.7   206.5   320.8   425.1   503.5   575.5   656.4   752.7   921.5  1234.9  6681.3 28420.2  51796.5    51918
read      439.8   663.7   148.8   194.7   206.8   357.3   460.0   525.1   575.1   629.7   696.1   802.9  1118.8  8817.8 31064.0  34294.2    34406
read      426.4   538.7   148.8   194.2   206.2   367.2   459.5   516.8   558.6   605.1   656.8   738.2  1014.0  7124.2 28957.6  28710.0    28664
read      439.8   630.9   148.8   195.4   207.6   355.1   459.4   525.3   576.0   631.2   696.4   806.9  1178.7  8609.2 31025.5  38216.2    38289
read      443.0   748.1   148.8   199.4   212.9   372.7   457.5   507.5   538.0   571.8   611.7   673.1  1453.9  8125.3 31572.2  20765.5    20658
read      415.8   573.5   160.7   202.7   216.3   371.7   443.0   477.8   500.2   524.9   552.1   602.6   897.3  6916.9 30638.8  13768.2    13840
read      402.0   666.8   148.8   195.0   206.6   285.2   330.1   361.6   390.9   436.9   548.5   992.6  2476.3  7107.9 30778.5  93328.5    93419
read      462.3  1207.4   148.8   200.5   213.1   305.3   344.3   368.2   388.6   418.1   471.1   712.1  4381.8 16348.2 35270.8  98149.2    98284
read      427.6   515.1   148.8   197.2   209.5   303.7   367.5   423.3   480.2   582.8   800.4  1096.8  1845.8  4732.2 15894.9  71337.3    71313
read      434.9   594.0   148.8   194.2   206.2   338.4   448.8   523.6   585.9   652.1   731.5   862.7  1161.8  7868.6 30993.2  42069.8    42089
read      429.4   620.3   148.8   193.4   204.9   325.8   431.5   508.2   576.7   653.9   742.4   887.9  1205.9  6384.2 30545.3  46368.8    46458
read      429.1   580.5   148.8   193.8   205.6   362.5   458.1   517.2   561.8   608.1   660.5   741.7  1069.0  7859.6 29943.8  30767.7    30755
read      439.1   634.0   148.8   194.8   206.9   338.6   449.4   521.9   583.6   651.8   735.0   872.3  1254.4  8029.1 31112.3  42807.8    42889
read      445.5   875.8   148.8   198.7   211.0   297.2   339.1   367.3   393.8   435.2   531.9  1018.7  3983.4  8550.7 32056.2  93446.8    93552
read      409.7   443.4   148.8   192.6   203.8   296.8   373.3   442.7   509.7   617.0   764.0   997.7  1427.4  5733.2 12131.2  65635.5    65694
read      438.8   668.0   148.8   193.8   205.8   364.8   459.6   519.7   564.5   612.7   667.5   751.3  1179.9  9330.5 31181.3  29673.3    29574
read      436.2   665.7   148.8   192.5   203.7   312.2   415.9   498.7   578.9   675.3   783.5   943.6  1302.7  8549.3 31291.9  51350.5    51355
read      406.1   407.9   148.8   192.9   204.2   296.0   371.2   439.3   508.2   614.3   759.3   997.0  1421.7  4230.5 12218.2  67291.3    67361
read      447.0   911.3   148.8   197.5   211.0   364.8   442.1   484.3   510.1   538.1   573.1   626.6  2291.7 11203.5 31970.7  16240.5    16287
read      399.6   552.5   148.8   193.3   204.5   284.4   338.0   378.2   418.6   484.0   640.7   979.9  2071.1  5963.4 19669.6  81496.5    81508
read      393.4   509.4   148.8   194.4   205.7   285.7   337.3   373.4   408.0   464.7   594.9   971.9  2086.9  5786.2 16433.2  87498.5    87619
read      438.4   965.7   148.8   196.9   209.1   290.2   329.8   355.0   377.2   414.8   492.5   976.4  3538.5 11438.8 32147.1  99130.8    99068
read      423.1   447.9   148.8   193.7   205.1   318.2   426.1   502.6   570.9   655.6   764.4   939.6  1262.6  5140.0 15438.5  51384.7    51267
read      432.1   885.5   148.8   200.3   213.9   360.5   422.8   454.1   473.5   496.2   523.9   568.8  2023.0 11015.4 33083.0  11901.7    11822
read      443.8   956.3   148.8   197.5   209.9   295.2   336.1   362.2   385.6   424.0   508.4  1025.7  3531.3 11035.3 32356.2  97168.5    97494
read      436.8   864.8   148.8   198.0   210.3   294.0   335.6   362.3   386.4   425.7   511.7  1029.2  3435.8 10404.3 31799.8  97448.3    97350
read      418.3   440.2   148.8   193.8   205.2   312.4   410.7   486.7   561.8   651.9   755.5   924.3  1246.0  5619.2 15217.0  55405.3    55460
read      399.8   527.4   148.8   194.8   206.3   287.9   340.4   377.9   413.8   473.3   617.4   970.6  2183.4  5750.1 16223.4  86182.8    85984
read      396.8   501.7   148.8   193.5   204.7   286.0   341.7   383.2   424.0   492.6   658.2   973.2  1982.9  5253.0 17303.5  82404.7    82043
read      416.8   506.7   148.8   192.9   204.2   315.8   417.7   492.7   559.1   636.5   731.4   889.8  1201.9  6035.3 20871.0  53093.2    52873
read      419.8   801.2   160.7   197.6   210.7   359.8   430.5   465.0   487.1   509.4   538.6   584.7  1357.4 10994.1 31822.3  13950.2    13911
read      428.0   593.2   148.8   193.2   204.6   319.4   425.6   502.8   574.2   655.7   749.0   897.4  1207.0  7895.7 30768.0  49921.5    49984
read      406.2   707.1   160.7   208.4   225.2   353.1   402.7   430.0   448.2   467.0   493.6   536.8  1400.5  9162.6 30817.9   9235.3     9274
read      431.5   706.6   148.8   194.2   206.6   364.9   453.5   508.4   546.7   590.3   637.7   716.6  1004.8  9237.3 31721.9  27215.5    27187
read      457.6   945.4   148.8   196.0   209.1   366.6   448.9   495.5   525.1   556.3   595.9   662.0  1707.0 11674.5 35831.6  18724.5    18735
read      408.5   645.6   148.8   194.6   206.2   286.7   334.7   368.7   400.7   456.6   597.4   994.6  2534.3  6890.3 30371.8  86404.7    86505
read      426.6   711.1   148.8   196.9   209.0   291.1   333.1   362.2   390.0   435.7   545.6  1078.3  3202.3  6852.6 30672.2  93031.0    93039
read      404.8   420.6   148.8   194.5   206.1   293.4   354.3   402.3   456.3   550.7   739.4  1023.8  1678.7  4202.0 12075.9  75890.5    75999
read      444.0   610.3   148.8   195.4   207.5   363.5   467.3   535.8   589.7   643.7   710.5   807.6  1162.0  8178.6 30740.3  32277.5    32324
read      421.3   656.0   148.8   196.6   208.4   294.3   342.3   376.3   411.1   467.6   601.3  1032.8  2891.9  7617.9 27963.8  84346.3    84255
read      401.9   536.3   148.8   194.9   206.4   289.3   342.2   381.2   418.7   479.3   636.1   997.3  2051.8  5290.8 20560.1  81601.3    81759
read      427.3   533.8   148.8   194.6   206.7   350.3   452.1   517.0   568.5   623.5   687.4   791.6  1084.5  6834.8 19986.7  37245.0    37291
read      430.1   648.5   148.8   193.9   205.5   313.8   411.7   489.2   563.6   654.0   767.6   937.7  1272.4  8089.9 29657.2  53806.5    53818
read      431.7   621.5   148.8   194.9   207.0   363.6   459.0   517.5   560.9   608.7   663.4   747.0  1041.6  9619.4 30940.3  30340.0    30297
read      440.7   713.7   148.8   194.6   206.6   360.0   458.1   519.2   564.6   614.0   671.6   764.2  1166.6 10273.3 31640.9  31610.5    31569
read      447.0   707.4   148.8   194.4   206.3   341.7   451.1   522.9   583.1   647.6   726.0   854.2  1323.3  9597.8 31336.0  38973.8    38927
read      437.7   908.8   160.7   203.0   217.1   353.3   409.7   438.6   458.6   480.8   507.7   560.1  3545.8 11863.0 34097.6  10658.8    10652
read      488.1  1256.1   148.8   202.3   215.3   306.6   340.5   361.7   379.1   408.7   468.7   841.5  5468.8 14250.1 35647.6  97990.3    98119
read      430.8   509.7   148.8   194.3   205.7   320.9   432.1   513.0   590.1   672.1   769.8   932.4  1256.9  7298.0 22139.9  48325.0    48176
read      451.8   698.8   148.8   194.5   206.5   354.2   462.9   535.0   590.1   645.0   712.1   822.8  1302.4  9849.5 31316.3  35073.5    34929
read      408.1   403.0   148.8   193.4   204.8   293.6   360.1   420.2   483.4   601.0   782.0  1036.5  1561.1  4037.0 11640.0  69668.3    69735
read      437.0   803.4   148.8   195.0   208.0   367.8   450.4   499.6   532.1   567.7   610.0   671.3  1091.3 11176.3 31953.2  20751.7    20753
read      405.4   574.1   148.8   194.4   205.9   286.9   335.8   371.0   404.5   464.2   625.8  1024.9  2398.1  6111.8 24792.7  84714.5    84642
read      435.4   556.6   148.8   193.8   205.5   335.3   449.7   527.6   592.1   658.9   736.7   866.9  1188.2  8179.4 26861.3  42460.5    42333
read      431.4   617.2   148.8   192.4   203.7   297.0   376.8   456.2   534.3   658.5   811.4   999.8  1588.8  8707.9 28702.7  61607.3    61587
read      411.2   543.4   148.8   194.3   205.9   288.9   341.7   383.3   427.3   502.9   704.8  1063.0  2114.4  6086.5 17471.6  77950.0    77998
read      444.8   870.7   148.8   198.7   210.9   292.4   330.4   355.2   377.5   417.0   503.3  1113.7  3800.9 10231.7 31566.2  97416.3    97625
read      411.7   471.5   148.8   196.3   209.7   367.1   452.1   500.8   534.2   570.5   612.6   675.1   915.3  6019.8 25563.0  23779.2    23781
read      391.3   282.2   148.8   192.8   204.9   306.4   386.8   452.2   515.2   595.5   693.0   876.5  1270.8  1840.2  7782.2  66773.3    66723
read      391.6   215.5   148.8   195.7   209.2   361.0   446.6   498.6   535.6   574.0   617.0   676.6   802.4  1149.3  7896.4  31040.7    31016
read      397.0   270.0   148.8   194.2   207.1   343.0   435.9   500.0   549.2   599.8   658.0   746.2   958.3  1778.3 11883.5  47378.2    47394
read      413.9   816.3   148.8   198.1   210.0   297.7   343.4   369.8   392.3   424.2   480.9   721.2  3024.1  9559.0 31936.4  95497.3    95335
read      366.5   507.0   173.5   229.0   253.0   341.8   376.9   396.1   409.5   426.6   447.7   479.2   578.0  6065.9 18149.6   5296.7     5252
read      403.7   321.3   148.8   197.8   210.4   312.1   387.9   450.1   512.6   600.4   716.4   953.6  1386.3  2532.7  9265.0  65957.5    65908
read      382.4   293.7   148.8   204.3   218.9   364.2   434.2   470.4   494.3   519.6   547.4   589.0   684.1  3635.4 10225.5  16907.7    16889
read      404.9   283.3   148.8   198.8   211.8   348.6   445.3   513.5   563.6   613.5   670.9   748.6   978.2  2310.2  8117.1  42945.0    42912
read      487.9  1383.8   148.8   204.8   219.2   324.8   361.7   382.1   399.5   426.6   470.1   589.2  6062.2 16260.3 36846.3  99909.8    99898
read      440.0   484.0   148.8   200.2   212.5   383.8   479.4   539.2   582.9   629.3   685.5   776.2  1065.9  7387.2 12854.7  26490.7    26385
read      442.2   670.6   148.8   200.0   212.8   382.9   469.7   523.5   560.2   600.6   646.2   720.0  1096.5  8495.6 31444.3  22584.2    22616
read      431.4   385.7   148.8   198.6   210.3   324.2   433.3   514.0   595.4   688.7   799.1   970.5  1298.1  4161.0 10045.6  50609.3    50605
read      412.9   602.0   148.8   199.6   211.1   293.7   339.5   369.8   398.2   442.5   530.6   999.2  2915.8  5641.5 24803.0  90415.3    90283
read      446.1   628.5   160.7   199.5   211.8   380.0   474.7   535.3   578.8   625.4   682.8   773.6  1130.6  8452.4 30843.9  26273.7    26273
read      431.9   456.5   160.7   197.8   209.8   326.9   437.1   521.4   600.9   687.3   791.5   951.4  1233.3  4359.1 15650.5  48427.8    48521
read      446.4   528.8   160.7   199.5   211.6   367.5   476.0   545.6   603.2   665.6   739.3   862.8  1167.6  6330.1 26111.4  34055.5    34058
read      393.5   413.9   148.8   196.3   207.6   291.3   349.0   393.3   435.9   506.9   671.1   999.5  1661.0  4824.7 12335.9  75809.0    75648
read      435.3   635.3   160.7   201.4   214.3   382.2   466.8   516.1   547.5   583.2   624.5   687.2  1108.7  7576.1 31012.6  19411.8    19482
read      447.7   801.3   160.7   204.2   218.3   379.2   457.9   498.9   525.8   554.5   591.9   653.1  1379.6 11133.6 31872.7  15094.7    15054
read      393.5   387.5   148.8   195.6   207.5   297.5   363.0   414.3   465.5   549.8   682.9   945.5  1486.6  3822.1 12087.6  75745.7    75754
read      344.6   424.2   160.7   224.3   244.1   320.1   347.3   364.2   375.0   391.3   410.3   446.6   590.9  5426.8 17543.3   5182.8     5187
read      391.7   248.6   148.8   205.2   222.7   370.7   441.0   479.0   504.2   532.9   567.0   615.7   720.7  2770.0 10579.4  17670.2    17656
read      437.2  1061.8   148.8   198.1   210.0   297.0   349.9   387.9   417.0   454.7   517.0   804.8  2914.4 15595.3 32383.8  96207.3    96343
read      430.7   426.0   148.8   196.0   207.8   354.1   462.3   531.6   589.4   651.5   726.0   848.8  1131.7  4810.0 15680.0  36564.0    36665
read      403.5   539.2   148.8   196.3   208.0   292.4   343.3   378.4   412.9   467.7   599.6   982.3  2278.8  5728.5 15611.2  85181.5    85269
read      434.2   598.1   148.8   194.8   206.8   362.9   461.6   522.6   567.6   616.7   675.0   763.3  1147.1  8061.0 30673.8  31521.0    31525
read      419.7   489.9   148.8   193.4   204.6   301.6   388.0   463.8   537.6   636.9   765.8   988.7  1484.9  6023.9 15543.4  61692.3    61798
read      444.6   794.1   160.7   202.8   216.7   370.9   438.3   470.8   493.4   518.0   547.5   611.2  2748.9  8002.3 31936.7  12315.8    12253
read      466.1   879.0   148.8   196.6   209.3   372.1   462.9   518.7   559.0   604.3   656.4   745.5  2544.3 12668.8 35239.4  25726.7    25710
read      309.7   194.0   148.8   191.5   202.2   272.3   324.5   357.4   383.0   414.4   455.1   511.2   742.9  1690.7  6822.1  79841.7    79937
read      365.7   361.9   160.7   220.3   239.8   338.3   374.1   395.6   410.9   430.1   454.6   493.5   681.8  4365.4 12795.1   7297.5     7271
read      363.1   339.0   148.8   194.4   205.6   283.4   337.2   373.2   404.6   452.5   545.4   859.3  1544.7  3354.4 10193.3  85785.8    85861
read      394.2   620.1   148.8   197.1   208.9   290.8   339.2   372.0   400.2   441.4   520.3   944.0  2138.0  7913.8 30598.6  91278.7    91467
read      403.7   449.9   148.8   193.0   204.4   297.5   370.0   429.5   490.7   584.3   717.3   967.4  1481.5  5421.5 13714.6  72254.8    72217
read      418.7   433.2   148.8   193.4   205.2   361.0   457.1   515.9   558.2   605.1   658.8   740.8  1046.6  6640.7 12570.0  31024.2    31080
read      396.0   442.0   148.8   192.5   203.7   291.6   356.6   406.8   463.9   564.7   719.3   980.1  1488.6  4899.5 13650.9  76673.7    76878
read      387.1   698.5   148.8   192.5   203.5   285.1   342.8   385.3   425.5   492.2   634.0   927.9  1734.3  4730.0 19248.9  84582.0    84584
read      405.5   643.0   148.8   203.7   217.9   362.8   425.4   456.4   476.1   498.0   525.7   569.2   920.1  7941.2 30685.0  12544.7    12492
read      424.4   477.9   148.8   197.3   209.1   310.5   403.4   483.8   566.0   698.4   847.7  1017.1  1360.1  2015.6  9851.4  56954.0    57106
read      443.5  1216.9   148.8   199.4   211.7   308.0   355.5   384.6   406.4   436.2   484.6   603.1  3869.8 14374.2 36274.1  96262.0    96245
read      417.8   905.9   160.7   215.9   235.3   341.4   380.8   403.0   419.9   437.3   463.2   504.3  2787.6 11527.0 31955.2   6784.3     6791
read      434.5   907.0   148.8   198.5   210.6   298.6   344.0   372.5   398.7   439.2   526.2  970.2  3286.6 10602.6 32177.9  90595.0    90728
read      338.6   273.9   160.7   222.5   243.1   320.3   349.7   366.4   377.9   393.9   413.3   444.5   557.9  3921.2 12413.9   5164.3     5151
read      303.3   173.8   148.8   190.5   200.4   267.1   315.4   346.4   371.2   401.8   441.4   499.8   738.3  1616.7  6776.8  82875.8    82969
read      396.9   226.9   148.8   194.6   207.5   351.0   444.1   506.2   553.2   602.3   657.0   737.9   919.4  1252.4  5917.5  42644.8    42635
read      660.5  1897.5   148.8   230.0   250.0   311.8   332.2   343.1   353.9   369.5   405.3  1975.5  8721.7 30590.4 38294.4  99389.2    99337
read      421.3   385.6   148.8   203.8   217.8   306.3   362.3   401.6   445.0   549.3   780.5  1129.1  1908.1  3373.3  9898.9  95315.7    95192
read      388.7   258.4   148.8   193.0   205.3   307.4   387.4   452.2   513.4   591.1   683.3   850.8  1261.6  1767.2  7127.2  69094.7    69200
read      394.0   255.2   148.8   193.5   206.0   338.7   432.3   496.9   547.8   600.2   660.5   743.8   973.7  1689.1  8570.3  49481.7    49459
read      386.2   280.0   148.8   196.5   210.3   356.4   437.2   486.0   519.4   554.0   592.7   647.6   774.4  1232.9 11413.4  29107.0    29055
read      397.2   276.7   148.8   196.7   209.7   315.3   400.2   466.2   528.6   605.7   698.8   862.8  1222.2  1741.6  8047.3  64427.3    64324
read      346.1   313.7   160.7   224.8   245.5   326.6   357.1   374.1   388.0   402.1   424.8   459.2   561.9  4340.7 11329.4   5702.8     5705
read      386.2   273.0   148.8   195.7   208.4   303.3   365.9   409.9   457.9   554.9   687.4   940.0  1362.4  1980.1  7698.8  84667.2    84816
read      382.8   251.3   148.8   196.7   210.6   356.5   436.1   479.9   509.3   540.8   577.7   628.2   741.7  1757.8 12116.9  23625.3    23714
read      394.1   284.5   148.8   195.2   207.8   308.1   382.7   440.9   503.4   592.9   703.9   912.3  1317.9  1778.0  8817.9  74215.5    74116
read      378.3   222.6   148.8   198.7   212.7   357.8   432.5   471.7   497.4   525.0   556.0   599.7   699.7  2347.1  8080.0  19969.2    19948
read      399.1   247.0   148.8   194.8   207.5   350.1   444.3   504.1   550.4   599.7   657.2   745.8   970.9  1504.0  8127.0  44206.3    44213
read      380.3   318.5   148.8   199.2   213.3   357.4   433.6   472.1   496.6   522.7   550.6   593.3   697.0  3047.7 12295.5  19322.7    19454
read      345.6   243.1   160.7   217.3   236.9   334.3   369.3   388.1   400.3   416.7   435.4   467.0   540.3  3775.4  9927.9   7140.0     7190
read      419.7   271.3   148.8   198.7   211.9   343.0   448.6   527.5   588.4   652.0   733.5   869.8  1123.8  1545.8  8273.8  47644.2    47657
read      407.2   256.9   148.8   195.0   207.9   342.5   440.3   506.8   561.6   619.6   691.2   817.1  1090.0  1694.9  8021.4  44479.5    44399
read      348.8   295.0   160.7   220.3   239.9   331.0   363.7   382.1   395.2   410.4   431.4   464.2   560.2  4610.9 11119.1   6494.0     6481
read      338.4   234.7   160.7   222.1   241.9   323.7   353.9   369.9   382.5   397.5   417.7   449.0   540.4  3904.5  8306.3   5811.0     5807
read      384.7   297.2   148.8   193.9   206.3   299.7   364.6   412.2   464.9   561.4   682.6   918.6  1353.3  2013.9  9284.8  82968.2    83137
read      369.6   314.4   160.7   210.5   228.7   356.1   402.1   427.2   444.2   462.9   487.2   523.5   611.1  3749.3 12583.4   9561.8     9580
read      415.3   249.9   148.8   198.2   211.3   356.9   454.0   518.7   568.0   623.3   696.6   816.4  1076.7  2289.4  8256.1  37604.7    37385
read      407.5   302.8   148.8   197.2   210.7   360.7   452.6   509.0   550.4   593.8   650.0   746.4   971.4  2843.3 11535.4  33913.2    33706
read      404.2   261.9   148.8   196.5   210.0   362.3   455.0   513.8   554.9   597.4   648.0   728.6   924.7  1533.9  8564.9  35193.2    35204
read      396.5   261.8   148.8   193.9   206.3   334.2   430.9   498.1   550.7   606.4   671.3   775.0  1018.4  1565.5  8112.3  50338.0    50438
read      396.3   246.0   148.8   195.1   207.8   340.6   434.5   499.4   548.8   600.8   663.0   756.9   990.1  1368.4  8698.0  49041.8    48878
read      396.7   279.3   148.8   195.2   208.3   348.4   438.4   498.9   542.4   588.0   641.0   724.2   934.0  2713.3 11499.5  42656.7    42682
read      381.7   248.0   148.8   195.8   209.5   352.2   433.8   480.1   511.6   544.7   581.5   633.3   746.5  1827.1 11576.9  27385.7    27416
read      391.3   276.3   148.8   193.1   205.3   311.3   396.9   462.9   525.3   597.6   684.1   848.2  1195.4  1757.7  9108.6  64279.3    64424
read      387.3   257.4   148.8   192.5   204.7   313.1   398.1   464.4   522.6   589.7   668.5   805.2  1150.4  1608.9  7883.4  64345.2    64364
read      344.3   344.1   160.7   221.8   242.2   323.3   351.9   368.6   380.6   395.0   413.5   443.7   551.8  5875.6 12192.2   5448.2     5481
read      407.5   266.2   148.8   201.9   215.8   372.4   455.2   504.5   539.7   579.4   629.1   710.5   899.6  1640.0 11643.0  26189.5    26227
read      405.4   262.5   148.8   201.6   216.4   373.1   457.0   505.3   539.3   577.7   624.0   691.6   852.5  2268.1  9818.3  26678.0    26586
read      387.6   280.9   148.8   196.6   209.3   303.4   366.0   411.2   460.6   557.7   691.9   942.2  1361.7  1925.0  7687.6  86222.0    86286
read      378.8   207.7   148.8   196.2   209.8   354.5   433.4   478.5   508.2   539.6   575.0   624.0   733.0  1469.4  7935.7  24499.3    24452
read      379.6   259.3   148.8   195.5   209.0   353.0   431.9   477.1   508.1   540.8   579.3   631.1   740.1  1038.0 10077.5  26798.5    26832
read      380.4   229.3   148.8   193.8   206.8   350.7   430.7   479.3   512.6   547.6   587.6   641.8   767.5  1732.0  7757.3  29776.8    29795
read      392.9   246.5   148.8   193.2   205.8   340.0   431.9   494.5   542.6   592.4   648.9   739.5   979.7  1908.5  8161.8  46203.3    46224
read      386.2   279.5   148.8   195.2   207.8   300.2   364.1   409.7   460.7   560.4   693.4   938.6  1368.6  1906.8  8052.0  84557.2    84587
read      390.6   265.2   148.8   193.2   205.7   314.4   398.9   464.6   526.2   596.5   679.3   822.0  1179.1  1686.1  7856.2  63502.5    63389
read      396.9   259.2   148.8   194.2   207.0   342.7   438.4   504.3   554.1   603.8   662.7   748.3   960.7  1280.1  9228.2  46886.2    46953
read      390.2   283.3   148.8   198.2   211.2   306.6   366.8   408.5   453.1   546.4   691.0   960.7  1395.0  2062.8  7526.1  90333.5    90536
read      369.5   222.5   160.7   204.6   219.7   360.0   415.8   444.6   463.1   484.3   508.0   546.1   630.8  2282.3  8106.4  12572.0    12508
read      408.4   241.4   148.8   197.7   211.3   358.3   454.5   518.1   564.3   612.6   671.0   761.0   991.9  1480.3  8653.0  38423.2    38491
read      480.9   708.7   148.8   209.9   225.4   305.5   344.9   380.5   419.9   509.9   869.1  1514.5  3291.1  5875.1 28502.5  97690.7    97806
read      360.3   238.6   160.7   204.5   219.3   351.5   403.1   430.3   448.1   466.5   490.2   523.1   592.5  2090.8  9422.3  11835.5    11813
read      410.6   258.7   148.8   195.4   208.4   350.5   448.4   513.9   564.7   619.2   687.7   808.3  1095.8  1569.3  8984.7  39647.2    39665
read      402.9   268.7   148.8   193.8   206.3   326.1   423.2   495.5   558.5   626.0   704.5   850.5  1139.3  1593.6  9794.6  53707.8    53571
read      392.0   242.8   148.8   193.1   205.3   313.6   400.1   468.8   532.1   604.7   690.1   841.7  1193.1  1598.6  5652.3  63301.3    63215
read      386.6   286.3   148.8   193.5   205.8   299.5   367.7   419.5   474.2   573.5   698.5   925.2  1331.3  1969.1  8786.6  78446.5    78767
read      355.4   322.6   160.7   212.0   230.2   341.3   382.5   403.3   419.6   436.4   459.2   492.6   566.1  2962.8 16068.3   8612.5     8615
read      392.3   277.2   148.8   193.1   205.3   306.5   387.3   453.1   517.1   598.1   696.0   886.9  1281.3  1743.9  7956.9  67867.7    67903
read      364.5   213.7   148.8   198.5   212.0   350.9   416.7   449.9   470.6   494.0   521.5   561.8   639.4  2841.8  8180.1  16457.0    16398
read      392.5   231.4   148.8   192.6   204.9   329.0   422.6   489.3   545.6   603.7   672.6   778.3  1045.0  1542.3  7625.1  53229.3    53434
read      392.4   235.7   148.8   193.8   206.7   352.9   442.5   498.9   540.4   583.3   632.7   705.6   863.3  1475.5  8605.1  38089.0    38068
read      362.3   293.5   160.7   211.5   229.9   347.0   391.2   415.0   431.7   451.2   472.1   507.8   598.2  4193.2 15218.9   9149.0     9130
read      393.1   302.2   148.8   193.1   205.4   305.6   382.7   446.1   510.2   597.1   701.4   894.4  1309.4  1877.2 11712.7  69171.7    69227
read      397.8   255.5   148.8   195.7   209.1   355.8   447.9   505.6   547.5   590.8   640.7   718.8   885.6  1411.2  9795.9  37345.7    37496
read      385.2   269.4   148.8   195.3   208.0   300.8   365.2   412.0   462.9   562.4   693.0   930.7  1322.8  1940.1  7020.7  83979.5    83925
read      394.9   253.0   148.8   193.5   206.0   334.6   431.0   496.8   548.7   601.7   665.0   762.6  1003.3  1518.2  9040.1  50964.8    51037
read      391.4   265.4   148.8   194.7   207.8   356.1   442.6   496.1   534.0   573.9   620.0   684.6   844.6  1993.2  8481.6  33863.5    33690
read      390.9   248.8   148.8   192.6   205.1   332.9   426.3   491.2   542.6   595.2   655.5   748.0   986.7  1540.6  8377.5  51340.2    51474
read      384.2   268.7   148.8   192.6   204.9   304.3   376.9   433.8   492.9   575.2   670.2   849.2  1272.9  1927.4  7278.7  73716.5    73708
read      496.5   835.1   137.8   209.4   225.5   304.9   339.4   367.5   399.7   480.7   767.7  1606.5  4002.2  6449.9 31333.9  98444.2    98618
read      384.7   284.4   148.8   193.6   205.7   296.0   362.6   412.2   466.7   567.5   697.4   940.9  1362.2  1867.1  8946.4  81853.0    81977
read      398.9   332.5   148.8   199.1   212.2   304.5   363.1   402.6   444.9   539.9   710.0   992.6  1535.7  2736.7 10154.9  91506.8    91567
read      389.5   219.0   148.8   193.7   206.5   339.6   429.9   490.9   539.3   589.0   642.4   727.1   951.9  1248.8  7637.3  48304.2    48236
read      397.6   326.7   148.8   198.6   211.7   302.2   360.2   400.3   442.2   538.5   721.9   990.1  1558.8  2471.1  8785.7  91796.5    91726
read      391.7   232.2   148.8   193.4   206.1   334.3   427.6   491.5   542.6   595.8   657.1   747.1  1004.7  1416.8  7746.4  52373.8    52458
read      400.0   790.9   148.8   194.2   206.7   306.6   381.6   443.4   505.7   598.1   705.8   914.0  1379.7  2559.5  9607.6  70414.8    70467
read      389.4   423.7   148.8   193.3   205.7   305.3   381.4   442.0   503.3   587.0   689.2   881.3  1276.5  1744.1  8193.3  71112.5    71151
read      387.8   266.3   148.8   192.3   204.4   310.5   394.3   460.4   520.4   593.7   679.0   824.7  1184.4  1609.5  7770.1  64930.8    65016
read      392.2   243.1   148.8   193.9   207.0   350.1   438.6   497.2   540.2   586.0   636.5   711.6   870.9  1247.3  9979.1  41939.3    42057
read      389.7   277.8   148.8   194.4   206.7   299.9   368.6   422.5   480.0   586.0   710.4   942.5  1367.0  1992.3  7192.3  78735.5    78821
read      390.1   252.1   148.8   192.3   204.5   315.4   404.6   471.2   531.1   599.2   678.7   812.7  1138.6  1615.0  8092.2  60669.2    60720
read      392.9   216.5   148.8   193.9   206.9   352.2   442.7   501.2   545.2   590.4   638.9   712.4   874.9  1246.7  7884.6  39853.3    39911
read      364.2   246.8   148.8   208.1   224.8   350.6   399.7   426.0   443.4   462.1   486.1   522.3   614.9  3917.4 10160.1  10611.8    10628

Total QPS = 50546.4 (60655736 / 1200.0s)

Total connections = 64
Misses = 60655736 (100.0%)
Skipped TXs = 0 (0.0%)

RX  181967208 bytes :    0.1 MB/s
TX          0 bytes :    0.0 MB/s
Warning! Detected max cpu usage > 95%
CPU Usage Stats (avg/min/max): 99.95%,48.99%,100.00%
