Random waveform, random seed
Total number of intervals = 172 (30848, 80287, 93136, 93153, 6254, 97305, 48446, 97246, 5386, 34779, 32466, 6582, 92884, 51855, 11240, 91197, 90219, 95158, 66583, 60875, 78103, 57835, 10452, 68758, 43899, 65317, 61624, 24134, 96123, 38135, 84801, 45586, 15418, 20865, 76739, 26710, 72465, 25729, 19708, 98073, 41913, 32240, 8409, 25141, 17210, 13066, 99126, 69734, 98621, 32256, 95929, 13174, 12775, 64149, 96244, 86186, 55312, 60014, 40956, 6285, 41365, 37464, 30533, 99864, 28299, 77709, 90459, 41541, 45345, 43704, 20312, 97509, 56693, 97942, 26842, 17507, 61626, 64077, 21067, 49336, 54883, 69907, 61732, 43361, 39933, 7986, 44189, 95234, 24221, 46618, 62223, 28348, 55378, 38908, 69136, 21498, 76800, 7653, 44478, 15655, 5532, 21283, 71102, 97774, 51274, 37302, 51391, 6337, 67433, 98897, 21763, 67756, 6081, 37529, 63574, 32901, 89831, 34789, 7474, 73795, 46482, 57401, 26827, 42560, 71204, 15551, 63594, 73526, 92360, 72382, 54451, 42801, 39578, 16172, 49026, 70615, 93181, 91826, 21362, 66026, 9932, 67704, 95994, 65788, 85392, 11571, 57830, 6240, 55517, 94918, 31466, 24132, 73925, 44868, 99879, 89190, 88277, 39149, 32089, 43121, 99551, 90169, 12960, 35715, 76168, 21240, 99267, 56533, 65309, 30010, 52494, 21456)
Average QPS expected = 52157
Timestamp start: 1684674140753
Timestamp end: 1684675341151

#type       avg     std     min      p5     p10     p50     p67     p75     p80     p85     p90     p95     p99    p999   p9999      QPS   target
read      413.9   319.1   148.8   200.1   212.6   357.6   451.8   512.4   556.1   604.5   663.8   767.3  1093.8  3792.0 12502.0  30850.0    30848
read      372.6   320.6   148.8   192.6   203.4   287.9   351.2   397.0   444.9   528.8   660.8   889.9  1287.3  2777.3  9766.9  80400.1    80287
read      436.3  1036.2   148.8   200.9   213.0   308.6   360.1   389.7   415.0   453.2   518.4   728.2  3193.2 13390.1 32946.4  93164.6    93136
read      431.9   955.6   148.8   205.3   218.9   317.6   366.4   398.0   425.6   462.8   520.2   652.2  3081.8 12355.7 32295.3  93290.4    93153
read      392.9   693.6   160.7   218.0   236.8   333.6   368.9   389.2   402.8   421.2   443.1   486.1  2078.7  8675.7 31170.9   6243.4     6254
read      411.0   732.3   148.8   198.6   210.4   291.6   334.4   363.8   391.1   432.6   516.3   899.7  3007.1  8923.1 30432.7  97269.6    97305
read      428.6   705.1   148.8   194.7   206.1   321.6   424.4   498.5   564.0   641.4   731.2   873.3  1197.0  7983.3 35690.6  48528.3    48446
read      396.8   583.3   148.8   197.3   209.0   285.6   331.1   363.5   392.9   438.5   538.4   928.9  2646.6  5791.7 21215.4  97317.4    97246
read      447.1  1205.7   160.7   221.5   241.6   329.4   362.2   380.7   395.0   411.9   434.6   497.3  3825.7 17306.8 48704.9   5431.1     5386
read      440.0   721.7   148.8   194.2   205.8   348.7   450.6   513.5   562.6   617.1   680.7   790.7  1265.2  9853.0 31668.7  34524.7    34779
read      422.1   525.8   148.8   194.1   205.8   354.6   450.5   511.5   557.3   606.9   663.9   751.2  1055.7  6498.0 25012.7  32337.9    32466
read      403.9   908.5   160.7   215.3   233.9   336.6   373.9   395.1   410.0   428.9   454.0   496.3  1893.7 11623.6 37576.1   6629.7     6582
read      395.7   551.2   148.8   195.9   207.3   284.8   332.7   365.8   396.0   445.5   556.4   991.8  2335.7  5510.8 16197.6  92720.3    92884
read      417.9   530.5   148.8   193.4   204.7   315.5   414.1   490.1   558.2   639.0   735.8   884.0  1196.6  6486.8 23734.7  51843.7    51855
read      430.9   940.6   160.7   203.9   217.6   360.5   419.4   450.2   469.8   493.4   521.9   570.0  1659.9 12304.2 35241.6  11252.6    11240
read      397.1   494.9   148.8   197.4   209.2   290.2   340.3   375.4   408.9   464.1   583.3   977.5  2304.2  5028.5 13397.0  90959.4    91197
read      387.3   466.6   148.8   196.0   207.5   287.8   338.7   373.3   404.9   460.7   583.2   954.1  2007.1  4627.9 15429.5  90097.6    90219
read      412.6   704.5   148.8   197.8   209.8   290.9   335.5   366.6   396.1   444.5   549.6   955.5  2905.8  8304.3 30446.9  95232.4    95158
read      401.6   499.3   148.8   193.4   204.5   294.9   371.3   436.2   502.4   606.1   746.4   981.9  1406.3  3927.3 11164.1  66556.9    66583
read      417.6   481.0   148.8   195.1   206.5   300.3   383.6   458.2   533.0   639.3   778.6   992.4  1402.7  5005.8 15913.4  60837.6    60875
read      397.5   450.7   148.8   194.4   205.8   290.9   351.3   398.8   450.8   540.3   705.9   993.3  1616.7  4506.8 13485.4  78097.9    78103
read      414.1   468.7   148.8   193.6   204.7   307.3   398.0   470.9   541.4   631.5   745.8   930.0  1312.0  5809.5 13577.7  57768.3    57835
read      409.9   719.7   160.7   205.8   220.5   355.8   411.5   441.0   460.4   482.8   509.2   558.4  1815.9  8033.0 35460.7  10408.1    10452
read      409.5   411.2   148.8   194.4   205.7   294.6   364.5   427.1   493.0   604.9   773.8   968.0  1560.2  4267.6 10181.6  68619.3    68758
read      424.5   573.4   148.8   194.9   206.6   330.3   436.2   509.3   570.6   637.2   718.3   848.4  1126.6  7730.9 28481.2  43984.3    43899
read      399.4   383.1   148.8   194.8   206.5   302.5   381.2   447.7   510.4   602.2   722.5   921.9  1328.9  3880.8 10233.1  65371.0    65317
read      386.0   259.1   148.8   194.6   206.7   316.5   398.9   460.7   515.7   583.5   662.0   788.2  1110.1  1883.0  8488.5  61673.9    61624
read      371.7   225.7   148.8   196.1   209.5   343.6   421.8   467.1   496.6   527.6   562.5   610.5   711.8  1448.5  8834.5  24016.3    24134
read      400.7   782.9   148.8   198.5   210.5   293.9   340.2   369.0   393.7   429.5   496.6   759.5  2427.6 10756.7 31747.9  95983.3    96123
read      440.5   758.5   148.8   195.4   207.2   340.1   444.5   514.5   572.3   636.1   714.8   837.5  1165.8 10539.0 32210.6  38183.1    38135
read      384.7   472.9   148.8   193.9   205.2   284.6   338.9   377.6   416.0   478.4   612.4   932.8  1747.4  5212.3 14872.6  84778.3    84801
read      422.7   445.1   148.8   194.9   206.4   324.7   433.8   514.6   589.3   665.1   751.1   887.3  1171.9  4398.0 13834.0  45567.0    45586
read      420.1   774.4   148.8   198.1   211.2   358.8   434.1   473.1   497.7   524.8   556.2   610.0  1201.9  8237.1 32306.3  15441.3    15418
read      424.1   705.2   148.8   195.0   207.6   355.9   437.9   488.0   519.6   551.6   591.3   648.6  1014.5  8242.9 31398.4  20868.0    20865
read      393.1   400.4   148.8   193.4   204.8   292.6   357.1   405.9   460.0   547.3   699.5   973.4  1514.3  3982.9 12136.2  76669.3    76739
read      426.9   713.9   148.8   193.2   204.6   355.7   442.6   499.5   539.2   580.8   627.6   698.5  1081.1  7850.5 32194.4  26709.1    26710
read      396.5   508.5   148.8   191.9   202.6   287.1   353.5   408.5   469.1   570.9   727.2   981.3  1418.5  5430.9 21537.0  72512.9    72465
read      425.1   668.7   148.8   195.0   207.0   360.7   451.9   507.3   545.9   588.0   634.2   708.2   985.2  9157.9 30835.3  25743.6    25729
read      447.5   831.2   148.8   197.3   210.3   366.7   451.5   501.0   532.5   566.5   607.1   668.9  1634.8 11556.0 31942.0  19666.7    19708
read      407.1   766.4   148.8   197.0   208.7   286.4   327.3   354.6   378.7   417.5   496.4   902.3  3025.5  8793.7 31553.3  98150.6    98073
read      409.0   464.0   148.8   192.7   203.9   330.5   431.1   501.5   557.7   616.7   685.8   790.5  1035.0  6416.7 16028.8  42002.9    41913
read      420.1   629.9   148.8   193.1   204.4   348.4   443.3   503.1   548.0   596.2   649.7   731.9  1008.1  8139.8 31058.7  32284.9    32240
read      437.4  1177.1   160.7   208.5   225.1   342.3   388.1   412.7   429.6   449.7   472.7   519.7  3267.2 12374.6 37445.2   8460.4     8409
read      414.2   587.4   148.8   194.2   206.2   357.4   442.9   497.0   534.5   574.4   619.2   683.1   905.4  7397.2 31164.3  25067.4    25141
read      425.4   741.7   148.8   197.1   210.2   358.5   437.9   482.7   511.6   541.1   577.0   631.8  1219.3  9748.5 31772.2  17225.4    17210
read      414.9   841.9   160.7   199.3   212.8   353.8   417.1   450.8   472.2   496.1   525.0   571.1  1412.1 11709.0 32166.7  13023.4    13066
read      431.5   889.3   148.8   198.6   211.0   293.8   332.2   357.7   380.9   418.9   495.6   914.3  3871.7 10017.2 32120.7  99164.6    99126
read      395.9   433.7   148.8   192.1   202.8   291.8   362.9   423.5   486.7   593.2   730.1   955.2  1364.7  4726.2 11861.4  69611.7    69734
read      393.5   620.0   148.8   196.1   207.7   284.8   328.3   358.0   384.2   425.7   509.5   914.7  2584.6  6360.4 29494.9  98737.0    98621
read      419.8   629.4   148.8   192.9   204.1   347.5   444.1   504.4   549.8   599.4   654.3   736.3   980.6  7879.0 30518.2  32361.0    32256
read      399.0   647.0   148.8   196.9   208.6   289.1   334.0   364.5   392.2   435.6   530.3   903.0  2622.0  6929.5 30547.5  95784.4    95929
read      430.0   907.9   160.7   200.2   213.2   360.2   428.1   461.8   483.8   506.8   536.5   584.8  1762.5 10495.3 37118.8  13272.7    13174
read      442.2   951.9   148.8   203.0   216.4   361.1   430.0   465.3   488.3   512.3   542.9   592.5  1975.4 12373.6 32142.6  12728.9    12775
read      400.7   501.2   148.8   191.9   202.4   295.0   374.1   443.1   507.7   606.6   727.5   923.8  1265.3  5722.0 21764.0  63939.0    64149
read      391.2   545.3   148.8   197.4   209.0   287.6   332.5   363.3   391.2   433.9   525.6   925.1  2508.4  5411.6 22380.4  96352.4    96244
read      385.8   466.3   148.8   194.6   205.9   285.2   339.9   378.4   416.4   481.3   625.0   942.5  1754.0  5256.4 15276.5  86315.6    86186
read      408.6   427.0   148.8   193.0   204.0   308.5   401.6   475.2   549.6   638.2   742.2   913.4  1224.5  4054.3 15193.2  55319.4    55312
read      405.6   434.3   148.8   192.4   203.2   301.6   387.4   459.9   531.2   625.4   737.2   925.0  1259.4  4933.9 13414.9  60097.1    60014
read      419.6   551.9   148.8   193.0   204.2   332.2   437.3   508.4   567.2   629.9   701.7   820.6  1080.1  7027.5 29177.6  40889.0    40956
read      396.0   896.3   160.7   214.0   232.9   324.3   359.5   378.4   392.6   407.9   430.0   466.5  2175.0 11790.4 31942.6   6305.7     6285
read      432.0   706.7   148.8   193.0   204.4   329.3   434.3   507.3   569.7   636.5   717.1   844.8  1176.8  7521.6 30785.5  41179.6    41365
read      433.6   582.6   148.8   193.7   205.2   339.5   450.1   520.4   576.5   635.3   708.4   828.2  1164.2  7894.7 25694.6  37421.1    37464
read      414.1   490.7   148.8   192.9   204.2   350.9   443.9   503.8   548.6   596.4   647.1   725.2   991.6  7819.1 15454.6  30548.3    30533
read      396.7   700.8   148.8   196.8   208.5   283.5   325.6   354.4   379.5   419.7   502.3   916.8  2444.1  9041.1 30965.8  99726.0    99864
read      429.2   652.0   148.8   194.0   205.8   359.4   452.9   510.4   552.3   598.7   650.1   731.1  1075.9  9059.2 31193.9  28100.3    28299
read      396.4   449.6   148.8   193.9   205.3   291.1   352.2   398.6   448.5   541.9   705.4   991.4  1577.2  5009.5 12470.6  77780.0    77709
read      372.4   458.3   148.8   193.4   204.4   279.9   330.0   364.3   395.8   447.0   556.7   910.2  1755.6  4381.6 15028.8  90510.4    90459
read      415.5   444.8   148.8   193.4   204.5   331.6   437.9   509.1   571.5   634.4   708.3   825.3  1094.3  4764.7 11850.4  41524.4    41541
read      415.0   535.7   148.8   193.1   204.3   324.5   423.2   496.3   559.5   626.9   711.2   838.2  1091.8  5821.3 30327.9  45416.3    45345
read      412.7   495.4   148.8   194.1   206.0   332.8   431.1   498.8   552.2   611.0   678.9   786.9  1070.3  7262.2 18559.4  43707.1    43704
read      377.8   272.8   148.8   200.0   213.7   352.4   428.5   470.0   497.1   525.5   556.8   601.7   694.6  3032.6 11468.0  20310.7    20312
read      403.5   764.9   148.8   199.9   212.1   299.0   341.2   367.5   390.1   422.4   476.7   687.0  2937.0  9040.6 31488.3  97367.3    97509
read      384.0   232.1   148.8   194.9   206.8   320.5   403.5   467.4   523.4   584.9   653.1   753.1  1051.9  1658.0  7708.7  56520.7    56693
read      384.8   577.6   148.8   199.0   210.9   291.6   335.8   363.8   387.7   422.7   482.9   780.4  2354.7  5771.1 29012.3  97735.4    97942
read      389.4   259.6   148.8   198.9   211.8   357.0   440.8   490.2   523.8   559.1   598.1   656.2   781.3  2567.7 10141.8  26795.6    26842
read      379.2   257.5   148.8   203.1   216.3   360.8   434.9   472.2   495.8   521.3   549.6   592.2   688.5  2364.1  8119.1  17475.7    17507
read      404.6   303.9   148.8   195.7   207.2   305.9   388.4   457.8   525.6   622.4   744.9   974.9  1356.4  2926.5  8368.4  61529.6    61626
read      418.1   396.8   148.8   198.0   209.4   299.9   373.6   444.8   521.3   658.8   842.3   992.0  1463.1  3665.8 11112.3  64159.6    64077
read      433.7   656.9   148.8   199.4   211.9   374.8   462.1   515.4   551.6   590.7   635.5   709.0   941.5  8819.9 31560.1  21147.3    21067
read      429.6   393.6   148.8   197.5   208.9   316.5   423.1   509.4   598.4   705.6   826.1   984.7  1274.3  3911.3 12831.1  49293.1    49336
read      418.0   461.5   148.8   196.0   207.4   308.7   402.9   481.8   562.1   666.5   790.1   955.7  1239.6  4033.7 12807.1  54741.9    54883
read      403.2   389.4   148.8   194.7   205.9   291.4   360.8   424.8   496.6   618.2   781.6   944.9  1458.2  3595.8 13770.8  69803.9    69907
read      408.8   361.8   148.8   195.2   206.4   299.6   382.6   458.4   532.0   641.0   781.0   987.3  1365.5  3676.8  9803.3  61578.9    61732
read      429.2   433.1   148.8   197.5   208.9   327.7   443.8   527.7   602.2   684.0   777.6   915.3  1171.3  4570.1 15961.0  43261.4    43361
read      430.0   386.8   148.8   199.2   210.7   340.3   456.2   536.4   604.6   678.5   763.2   888.8  1128.4  3999.0 14662.4  40028.3    39933
read      364.1   399.8   160.7   217.5   235.4   343.6   382.7   402.8   418.9   435.5   458.8   493.7   594.2  4185.0 19169.1   8030.9     7986
read      408.8   272.8   148.8   197.4   209.6   341.2   442.1   513.3   566.4   622.5   691.8   810.4  1103.9  1736.1  8010.3  44166.0    44189
read      390.1   607.6   148.8   197.5   209.3   291.3   339.9   371.9   400.0   442.1   520.5   822.8  2310.2  6913.8 25402.6  95218.3    95234
read      414.6   578.9   148.8   194.2   206.3   359.4   444.9   500.3   536.1   575.2   618.9   679.4   919.5  8389.0 30385.4  24257.6    24221
read      425.7   558.2   148.8   194.0   205.4   321.5   427.0   503.8   572.5   646.9   733.2   877.9  1202.5  7342.2 30251.3  46551.7    46618
read      419.4   456.6   148.8   193.7   204.9   299.9   382.0   454.9   527.3   635.5   769.8   996.2  1642.5  4731.3 12553.7  62202.1    62223
read      446.7   845.7   148.8   193.8   205.5   354.8   448.4   505.2   545.0   589.4   637.3   724.3  1831.9 11822.0 31895.4  28333.6    28348
read      403.8   402.2   148.8   192.7   204.0   313.9   406.6   475.8   539.8   615.6   700.6   847.4  1183.0  4112.6 12663.3  55299.3    55378
read      391.6   263.3   148.8   194.9   207.5   345.5   435.4   494.8   538.5   585.1   635.6   709.7   893.1  1275.7 11344.4  38921.3    38908
read      383.9   276.5   148.8   193.1   204.7   300.7   375.1   436.2   497.1   579.3   677.7   860.7  1245.7  1964.0  8373.3  69148.7    69136
read      374.8   216.0   148.8   197.5   210.9   349.4   429.1   471.9   499.4   528.6   561.7   607.9   712.5  1580.4  9056.8  21578.3    21498
read      377.3   258.6   148.8   193.0   204.6   295.3   364.1   417.5   473.7   562.7   670.8   866.2  1267.0  1886.6  7224.1  76896.7    76800
read      353.3   329.0   160.7   216.5   235.1   336.6   371.9   391.6   404.2   421.6   440.7   470.9   566.4  5266.9 13243.6   7665.1     7653
read      407.8   259.5   148.8   198.3   211.1   343.0   440.4   511.1   564.2   619.0   685.9   800.5  1074.8  1631.3  8135.4  44555.1    44478
read      374.2   238.7   160.7   204.9   221.1   356.6   420.1   453.5   475.1   500.1   530.9   576.5   677.7  1679.9 11967.7  15662.9    15655
read      340.0   273.6   160.7   223.4   243.6   322.4   350.7   366.3   376.8   391.9   409.4   442.6   544.8  3866.1 12086.4   5524.1     5532
read      393.7   359.5   148.8   202.4   216.6   364.5   441.6   484.8   514.5   546.8   587.5   648.2   801.3  1613.5 10293.7  21215.7    21283
read      381.1   271.5   148.8   192.9   204.5   298.4   370.1   428.2   487.5   571.8   674.7   867.4  1267.3  1775.5  7633.7  71094.6    71102
read      359.1   435.8   148.8   195.7   207.2   285.6   332.6   362.7   387.9   423.9   484.1   684.3  1696.3  5312.8 12658.4  97854.6    97774
read      392.5   248.8   148.8   195.2   207.3   328.4   420.4   487.0   543.2   601.2   668.5   771.4  1030.7  1694.5  8362.0  51314.7    51274
read      402.5   473.8   148.8   191.5   202.4   337.8   432.7   493.9   541.8   592.0   646.3   731.8   984.2  5555.9 25716.9  37295.0    37302
read      414.6   604.9   148.8   191.8   202.6   315.0   409.7   481.4   545.1   619.5   700.1   833.3  1154.5  8121.7 29015.4  51368.0    51391
read      413.5  1100.0   160.7   218.6   236.9   330.4   367.0   387.0   400.2   417.9   438.5   481.2  1827.9 12686.7 41609.8   6307.9     6337
read      396.4   406.9   148.8   193.1   204.5   299.2   374.2   436.2   498.5   589.6   707.8   925.5  1356.5  3789.4 14543.1  67370.9    67433
read      368.0   488.6   148.8   196.2   207.8   284.2   328.4   357.5   381.7   417.4   478.2   722.7  2128.4  4886.9 16049.1  98977.4    98897
read      384.0   321.2   148.8   198.7   212.0   354.0   434.3   477.0   504.9   535.2   570.5   620.4   739.8  3800.7 12393.8  21823.1    21763
read      382.2   256.4   148.8   193.0   204.6   306.2   383.6   443.9   503.1   578.7   666.5   821.8  1189.5  1734.5  7913.4  67657.6    67756
read      343.9   326.6   160.7   221.8   241.0   326.1   356.9   373.4   386.2   399.4   419.0   449.2   531.6  5619.0 11415.1   6040.1     6081
read      413.5   264.4   148.8   200.1   212.9   353.9   456.2   523.3   572.1   624.3   689.5   795.5  1042.7  1698.9 10343.8  37622.1    37529
read      389.4   265.9   148.8   196.3   208.8   315.0   398.3   462.6   520.7   593.7   680.3   818.1  1138.3  1568.0  7838.2  63552.0    63574
read      388.9   236.5   148.8   195.5   208.2   350.5   438.6   491.2   529.2   570.5   617.7   683.4   838.7  2124.5  8571.5  32879.9    32901
read      388.3   501.0   148.8   198.4   210.0   291.9   340.9   373.9   403.6   449.0   534.4   888.3  2129.0  5846.1 15751.9  89815.6    89831
read      435.7   567.5   148.8   195.7   207.4   345.6   456.0   527.8   587.2   651.0   727.8   849.8  1133.8  8205.6 30322.5  34804.9    34789
read      370.0   444.5   160.7   218.7   238.4   343.7   382.8   403.4   420.0   437.0   461.3   499.6   686.3  5902.5 24394.2   7478.1     7474
read      323.6   215.5   148.8   193.7   205.2   284.2   339.0   371.3   397.1   429.9   470.7   537.9   907.8  1609.2  7976.5  73645.6    73795
read      393.7   276.7   148.8   194.7   207.1   336.7   428.9   492.6   543.0   595.8   656.1   743.9   971.0  2830.9  8593.9  46575.9    46482
read      385.4   255.8   148.8   193.8   205.7   319.8   405.8   468.9   525.2   587.0   655.1   763.9  1053.6  1566.9  9706.5  57422.0    57401
read      385.9   260.2   148.8   197.0   210.3   354.5   436.6   484.5   517.6   551.8   591.9   646.0   762.7  2560.2 11437.1  26811.1    26827
read      389.6   233.0   148.8   194.6   207.1   341.6   432.9   492.8   536.7   583.7   636.1   715.9   916.0  1646.5  8211.9  42689.4    42560
read      378.4   257.8   148.8   193.0   204.8   301.3   374.1   430.5   485.4   565.0   661.5   828.9  1206.8  1758.5  7875.7  71237.0    71204
read      367.2   217.8   148.8   202.7   215.5   352.4   417.7   451.3   472.0   495.2   522.3   561.4   640.8  2386.6  9905.8  15591.9    15551
read      386.7   276.9   148.8   193.3   204.9   310.3   393.4   460.1   521.7   592.3   675.8   820.6  1142.7  1605.9  9427.2  63530.3    63594
read      380.8   281.7   148.8   193.4   205.1   299.9   372.1   429.1   487.8   569.0   665.0   846.1  1259.0  1744.3  9544.9  73415.6    73526
read      380.0   278.4   148.8   196.8   208.7   294.1   352.1   391.6   431.2   524.8   687.5   958.7  1376.9  1913.3  7495.1  92271.4    92360
read      379.9   255.9   148.8   192.9   204.5   299.7   372.2   430.2   489.5   570.1   665.0   848.0  1253.5  1746.5  7709.8  72382.6    72382
read      388.1   250.8   148.8   193.7   205.9   324.9   413.2   476.3   533.8   595.8   664.8   770.6  1026.4  1349.2  8844.6  54390.6    54451
read      388.9   234.1   148.8   194.4   206.6   337.6   429.7   491.2   536.4   584.9   640.0   726.5   937.7  1750.2  7806.5  42759.6    42801
read      387.1   240.4   148.8   194.1   206.5   343.1   432.3   490.7   532.2   575.7   625.2   698.2   875.7  1618.9  8875.6  39696.4    39578
read      371.3   251.7   148.8   201.4   214.6   353.9   423.1   457.6   479.6   503.1   532.5   574.6   662.1  2864.4  8749.7  16248.1    16172
read      386.9   228.6   148.8   194.2   206.6   333.2   420.6   482.3   532.4   585.9   644.2   736.4   967.7  1397.8  7937.6  49062.0    49026
read      381.8   275.9   148.8   193.5   205.2   302.9   377.9   436.2   496.8   575.5   668.2   831.6  1215.0  1736.5  8638.1  70575.0    70615
read      383.0   310.8   148.8   197.7   209.8   297.0   355.3   394.3   433.9   531.3   687.3   955.3  1370.0  2146.5 10748.1  93101.0    93181
read      378.2   284.5   148.8   196.6   208.6   295.6   353.5   393.5   433.4   525.4   674.7   925.4  1345.5  1971.1  9101.1  91790.9    91826
read      378.7   242.9   148.8   198.8   212.5   353.3   431.7   474.2   501.3   530.4   563.5   609.3   704.2  2544.4 12021.1  21468.0    21362
read      386.3   276.7   148.8   193.5   205.2   306.8   387.1   450.0   509.4   587.6   679.9   841.5  1199.4  1809.1  7727.7  65984.9    66026
read      360.5   284.5   148.8   209.4   225.9   346.3   391.8   415.7   432.1   451.1   471.2   505.5   588.8  4023.8 11960.9   9994.7     9932
read      383.5   256.0   148.8   193.2   204.9   302.8   381.4   442.9   505.2   585.7   679.8   847.4  1204.1  1637.6  6363.7  67485.7    67704
read      387.5   308.4   148.8   199.2   211.5   300.9   357.5   395.8   434.0   526.2   688.7   974.0  1450.2  2219.0  9529.6  95852.9    95994
read      381.9   254.9   148.8   193.0   204.6   306.8   387.8   449.7   508.0   584.2   669.7   816.1  1136.5  1550.9  8045.0  65797.7    65788
read      376.0   290.9   148.8   194.3   206.0   295.2   358.3   401.7   449.4   543.5   669.8   884.8  1272.9  1919.3  9847.3  85341.1    85392
read      363.3   240.3   148.8   205.7   220.7   352.1   403.8   431.2   449.4   468.0   493.4   530.7   623.0  2966.8  9239.9  11545.6    11571
read      389.8   250.4   148.8   193.5   205.1   316.1   404.8   472.9   534.6   602.4   680.1   812.6  1122.1  1556.9  7568.2  57738.0    57830
read      346.2   351.1   160.7   221.4   241.3   328.2   359.5   376.4   389.4   402.3   423.2   453.9   532.7  6743.1 12863.6   6259.7     6240
read      395.5   259.3   148.8   195.0   207.1   322.3   411.8   481.2   541.9   606.9   682.2   815.8  1129.7  1644.8  8125.9  55294.1    55517
read      381.7   299.6   148.8   197.5   209.8   299.3   357.3   395.8   433.8   520.0   669.7   941.6  1405.4  2060.3  8060.9  95006.6    94918
read      386.1   257.5   148.8   197.3   210.6   351.5   434.4   485.2   520.6   558.1   601.2   664.8   806.0  1820.1  9318.5  31422.1    31466
read      377.6   220.2   148.8   197.9   211.3   349.6   429.0   473.4   503.3   535.7   573.0   624.4   733.1  2186.2  7994.7  24166.1    24132
read      383.4   280.1   148.8   194.0   205.8   302.2   374.5   430.2   486.2   571.8   672.8   858.2  1275.8  1916.3  9531.9  73924.4    73925
read      391.5   258.6   148.8   194.8   207.1   337.4   431.2   496.3   544.9   593.8   646.9   730.9   950.6  1478.0  8758.5  44703.9    44868
read      422.2   394.9   148.8   204.1   217.3   298.4   353.8   394.4   436.0   549.5   811.4  1135.0  2016.4  3136.5  8097.3  99783.3    99879
read      371.7   275.1   148.8   194.3   206.1   295.2   354.8   395.9   436.0   517.5   642.2   867.3  1288.5  2067.3  8068.7  89386.0    89190
read      378.2   282.8   148.8   195.9   207.7   295.3   355.8   397.4   439.2   537.1   682.3   929.5  1318.9  1843.7  7143.2  88308.7    88277
read      393.1   262.8   148.8   195.9   208.5   346.5   438.5   499.1   541.3   586.1   636.9   712.5   899.0  1887.5 10681.5  39253.7    39149
read      389.7   275.4   148.8   197.6   210.7   353.1   440.4   491.7   528.1   567.3   612.0   673.0   798.3  1856.5 11419.3  32053.4    32089
read      386.7   222.4   148.8   194.3   206.7   338.6   427.6   488.2   533.7   581.6   636.1   716.5   916.3  1272.6  8019.5  43096.4    43121
read      400.8   348.7   148.8   201.0   213.5   298.6   353.2   390.4   428.0   518.8   725.2  1004.8  1701.8  2968.9  8030.7  99218.1    99551
read      372.8   260.3   148.8   195.1   207.1   297.0   356.0   395.9   435.2   519.7   648.2   882.8  1291.3  1877.1  7473.3  89860.7    90169
read      369.3   330.5   148.8   203.8   218.3   353.2   410.1   440.5   459.6   480.9   506.0   545.6   632.7  3649.3 15856.1  12945.3    12960
read      399.4   272.9   148.8   197.1   210.1   355.0   445.5   504.2   546.1   589.3   639.3   719.9   918.7  1732.8  8692.0  35794.7    35715
read      381.7   290.2   148.8   193.1   204.8   295.4   364.5   419.5   478.2   567.4   674.7   889.8  1314.0  2059.2  7953.8  76365.4    76168
read      377.0   238.0   148.8   197.7   211.2   351.4   430.0   471.9   498.3   527.5   561.5   610.4   720.6  2683.1  9732.2  21142.7    21240
read      405.4   365.1   148.8   201.3   213.8   299.1   355.8   394.9   434.3   534.2   743.2  1019.9  1733.6  2758.9 10297.7  99221.9    99267
read      388.6   270.6   148.8   193.7   205.6   320.3   409.2   475.5   533.4   593.2   663.8   777.7  1062.2  1818.8  8441.8  56478.9    56533
read      381.3   268.5   148.8   193.1   204.8   308.9   389.0   450.6   507.5   578.2   656.8   793.9  1126.3  1665.0 10180.8  65235.7    65309
read      387.3   256.6   148.8   197.0   210.1   353.4   437.3   488.2   524.2   561.5   602.8   661.6   788.9  1509.4 12041.3  30077.9    30010
read      386.3   262.2   148.8   193.7   205.8   328.0   416.9   478.4   529.9   586.3   647.4   743.9   990.6  1486.1  9654.6  52467.1    52494
read      372.9   297.7   148.8   197.0   210.2   343.8   421.2   464.2   491.5   520.1   551.0   593.4   688.0  3536.9 10069.0   9263.4    21456

Total QPS = 52242.9 (62691472 / 1200.0s)

Total connections = 64
Misses = 62691474 (100.0%)
Skipped TXs = 0 (0.0%)

RX  188074422 bytes :    0.1 MB/s
TX          0 bytes :    0.0 MB/s
Warning! Detected max cpu usage > 95%
CPU Usage Stats (avg/min/max): 99.95%,50.25%,100.00%
