Random waveform, random seed
Total number of intervals = 120 (55543, 49101, 94365, 38365, 69560, 21756, 34751, 24257, 82800, 51792, 6952, 46942, 6742, 35274, 71152, 84640, 11356, 49490, 75249, 70853, 9659, 40347, 33600, 60521, 14879, 83590, 21868, 24025, 73480, 67286, 91117, 82521, 10167, 21705, 39304, 69299, 5494, 44796, 24718, 29757, 75280, 14048, 70737, 42019, 96973, 85027, 51814, 90800, 77177, 76388, 18804, 17310, 86999, 36966, 15256, 55809, 64143, 83632, 62121, 27579, 42391, 79065, 74993, 36656, 21916, 64298, 32317, 70415, 54146, 33424, 57788, 62141, 73423, 69976, 78063, 52168, 52521, 98096, 42655, 49904, 96711, 39017, 90801, 89994, 11486, 53855, 88784, 21339, 55919, 6521, 16964, 67197, 17266, 7523, 44680, 75611, 71414, 29220, 78670, 79102, 35192, 26196, 85583, 73692, 24042, 75876, 55857, 14396, 38751, 96952, 14276, 12706, 43209, 61670, 50627, 87424, 52871, 75927, 68461, 86634)
Average QPS expected = 52056
Timestamp start: 1684664931092
Timestamp end: 1684666131490

#type       avg     std     min      p5     p10     p50     p67     p75     p80     p85     p90     p95     p99    p999   p9999      QPS   target
read      394.8   304.8   148.8   192.6   204.2   322.9   412.1   472.7   527.3   593.2   679.1   804.1  1155.5  3136.4  8110.7  55440.2    55543
read      429.8   403.1   148.8   196.7   208.9   322.3   417.5   494.4   571.4   676.2   805.1   942.8  1436.3  3434.7 12539.5  49079.7    49101
read      438.1   961.9   148.8   200.1   212.6   302.7   348.2   378.3   404.6   446.8   522.7   799.4  3596.8 12446.0 32447.3  94357.0    94365
read      436.0   616.1   148.8   193.7   205.4   350.8   450.6   516.4   572.3   634.6   704.7   803.3  1154.4  9152.6 30407.6  38235.6    38365
read      412.7   392.4   148.8   194.1   205.6   294.3   365.7   428.8   497.3   623.2   806.7   991.4  1597.9  3915.7 10117.8  69601.7    69560
read      454.4   893.1   148.8   196.4   209.5   373.9   455.7   513.6   550.8   588.0   631.2   699.0  1282.4 11379.7 35816.7  21805.6    21756
read      437.0   606.2   148.8   195.3   207.7   360.8   456.6   519.6   573.1   632.5   700.2   800.8  1179.4  7811.7 29927.5  34672.4    34751
read      435.2   714.2   148.8   196.1   209.0   370.9   451.3   509.0   548.8   589.0   634.5   703.7  1009.6 10155.9 31750.9  24271.7    24257
read      398.7   503.9   148.8   194.9   206.5   290.2   346.0   387.7   426.7   492.9   640.5   991.8  2004.7  4975.5 16400.4  82900.0    82800
read      441.4   652.9   148.8   194.6   206.3   321.1   423.4   496.8   566.2   658.8   761.6   931.3  1478.1  8537.7 30764.8  51673.1    51792
read      417.7   806.8   148.8   218.1   239.5   358.4   398.7   420.7   435.1   454.3   476.4   522.8  1774.2  9508.7 32089.7   6984.0     6952
read      439.4   617.5   148.8   195.7   207.7   335.0   440.9   516.8   583.4   660.2   748.9   891.1  1259.4  8962.7 30368.7  46946.0    46942
read      428.4  1029.9   160.7   218.3   240.1   354.3   393.6   414.1   428.6   446.0   467.5   508.2  1947.7 11664.8 37506.9   6764.0     6742
read      438.2   662.1   148.8   194.8   206.9   357.5   454.6   518.6   570.9   627.5   691.4   788.8  1122.8  8974.7 31547.2  35327.5    35274
read      414.7   504.6   148.8   194.8   206.6   298.0   369.4   428.9   491.4   595.8   760.3   935.8  1591.2  5552.9 15752.5  71161.7    71152
read      408.1   608.5   148.8   196.8   208.6   291.3   344.0   383.0   420.0   478.8   612.9   994.8  2346.3  6234.6 30130.3  84605.8    84640
read      409.8   697.3   160.7   204.9   220.5   368.4   425.2   452.9   470.3   492.5   518.7   562.9   877.1  7988.3 36570.8  11401.5    11356
read      406.2   275.6   148.8   194.7   207.0   338.0   434.5   498.8   550.8   614.7   695.7   829.0  1168.7  1888.5  8829.0  49504.2    49490
read      378.6   263.5   148.8   193.1   205.3   308.8   383.4   436.4   490.3   560.9   647.8   789.6  1171.3  1861.4  8990.0  75295.7    75249
read      387.0   279.1   148.8   195.2   207.9   319.1   399.4   456.2   506.1   571.3   653.5   792.7  1167.5  1811.5  8631.7  70948.0    70853
read      393.0   400.3   148.8   217.0   237.4   374.6   419.6   442.6   459.2   478.0   503.9   551.7   732.1  5577.9 15475.0   9639.1     9659
read      419.0   276.5   148.8   199.3   212.4   359.3   453.4   515.5   566.7   627.7   706.2   842.2  1159.1  1651.3  8127.8  40376.2    40347
read      414.1   287.7   148.8   197.8   210.7   360.8   445.6   501.0   548.8   613.5   699.6   829.2  1108.3  1696.1 10709.6  33660.3    33600
read      391.9   261.7   148.8   194.2   206.5   325.8   415.3   476.4   529.8   592.2   672.7   793.3  1084.9  1600.8  9188.7  60600.8    60521
read      379.7   247.3   148.8   204.0   218.4   369.1   430.6   460.4   480.0   501.5   530.3   572.3   672.1  3369.6 10168.8  14887.0    14879
read      399.6   535.3   148.8   196.8   208.8   295.0   350.7   389.3   423.8   478.7   593.8   940.8  2118.8  5587.3 23726.7  83608.4    83590
read      435.8   733.9   148.8   196.2   209.1   368.8   449.7   504.1   541.2   578.8   623.0   689.3  1123.9  8993.0 35297.5  21841.7    21868
read      443.7   719.8   148.8   197.1   210.2   374.3   458.5   515.7   556.4   597.1   645.0   718.8  1186.4  8965.5 31769.3  24026.9    24025
read      407.4   477.4   148.8   194.2   205.9   295.7   365.1   420.3   476.6   571.1   726.1   995.4  1593.9  5368.5 13931.6  73506.7    73480
read      409.9   456.1   148.8   193.9   205.5   300.4   379.2   444.2   507.9   611.2   753.3   985.0  1451.0  4308.9 15800.2  67159.3    67286
read      405.7   615.6   148.8   195.8   207.7   289.3   338.6   372.2   403.2   455.3   571.7   989.8  2506.6  6479.7 29871.8  91071.6    91117
read      395.4   504.2   148.8   194.7   206.4   289.5   345.6   388.3   428.0   493.2   636.3   978.7  1841.7  5745.7 18568.3  82328.9    82521
read      450.0  1023.8   160.7   207.0   223.1   368.3   425.3   453.3   471.4   495.1   524.7   576.1  2604.4 11003.5 35850.6  10195.4    10167
read      435.1   703.0   148.8   195.4   208.3   370.8   451.0   507.9   545.2   582.3   627.3   689.9  1155.0  8959.3 31604.5  21742.8    21705
read      454.2   729.0   148.8   194.0   205.8   346.0   448.2   518.7   583.7   655.4   732.2   856.1  1789.1  8918.4 31590.3  39197.3    39304
read      415.8   523.1   148.8   193.3   204.8   293.0   363.1   423.5   489.0   606.8   788.7   976.4  1590.0  6056.2 18919.5  69322.4    69299
read      427.5  1201.8   160.7   222.1   244.9   335.8   370.2   389.4   401.9   419.1   438.2   475.5  2209.1 28167.1 37036.4   5522.5     5494
read      434.1   581.8   148.8   195.5   207.7   336.8   443.2   514.6   582.5   658.7   736.8   856.9  1176.0  8067.2 28612.1  44716.1    44796
read      441.2   775.0   148.8   194.6   207.3   368.8   451.3   510.6   550.7   592.0   638.1   706.4  1177.9  8250.8 32285.2  24671.2    24718
read      438.2   569.1   148.8   194.9   207.1   368.3   457.7   521.2   572.5   627.6   686.9   772.6  1240.8  7452.7 30125.1  29883.1    29757
read      410.8   558.0   148.8   194.5   206.1   290.9   350.7   398.8   449.0   539.2   743.2   986.4  1736.1  6418.0 22951.6  75313.0    75280
read      443.6   935.9   148.8   199.9   213.6   372.1   442.6   479.2   502.7   528.7   558.9   610.5  1433.3 11781.3 32522.6  14024.8    14048
read      411.8   490.7   148.8   193.6   205.2   296.6   367.9   426.8   486.8   594.7   766.6   941.7  1548.6  4735.1 17599.6  70743.6    70737
read      429.4   495.7   148.8   194.2   206.0   342.2   446.3   517.2   583.4   656.9   734.4   846.7  1162.2  5984.7 19854.9  41955.1    42019
read      436.6   931.8   148.8   197.7   210.0   291.4   330.8   357.2   381.2   421.1   502.1   971.9  3737.0 10236.3 31979.8  96996.0    96973
read      390.3   525.3   148.8   194.0   205.3   283.0   335.8   373.6   409.2   465.8   602.8   957.1  2002.0  5786.1 15399.8  85110.8    85027
read      429.4   547.0   148.8   194.0   205.5   314.1   416.4   492.6   572.7   673.4   782.6   948.3  1292.6  7180.0 24920.8  51878.2    51814
read      406.2   665.5   148.8   195.6   207.4   286.8   333.2   366.2   397.5   447.8   566.7   944.5  2449.3  7046.5 30879.8  90842.1    90800
read      398.9   429.9   148.8   193.6   205.1   290.1   353.2   401.7   453.2   543.5   717.9   952.9  1643.2  4063.7 12701.2  77364.8    77177
read      399.7   432.1   148.8   193.3   204.7   290.9   353.4   402.4   453.9   544.4   721.2   943.4  1661.3  4521.3 12424.2  76388.3    76388
read      434.1   696.6   148.8   196.5   210.0   372.4   451.1   503.0   534.6   569.0   610.1   673.1  1137.9  9041.3 35286.6  18858.3    18804
read      434.6   780.8   160.7   196.3   209.6   368.6   445.3   492.4   522.0   550.0   587.2   639.1  1178.1 11151.0 31720.9  17337.9    17310
read      400.1   600.5   148.8   193.8   205.2   284.4   333.7   369.4   402.6   456.4   585.3   995.8  2409.0  5964.8 28722.5  86860.6    86999
read      435.3   579.3   148.8   193.8   205.6   349.6   451.2   522.0   585.1   648.9   720.2   831.4  1186.5  7468.4 30802.6  37006.5    36966
read      421.8   682.2   148.8   200.3   214.1   371.1   441.9   479.8   505.5   533.2   567.5   623.5  1114.1  8075.5 31533.0  15286.0    15256
read      394.8   255.8   148.8   193.9   206.2   328.3   422.0   485.7   538.3   602.5   679.2   798.8  1073.6  1535.0  8089.4  55806.1    55809
read      388.1   262.6   148.8   192.8   204.9   315.4   401.2   462.8   516.5   585.9   672.0   813.4  1169.8  1611.6  8457.8  64127.3    64143
read      373.9   372.1   148.8   195.5   207.2   288.4   342.1   379.2   411.9   461.6   565.0   904.8  1609.0  3955.7  9020.6  83707.2    83632
read      381.8   251.5   148.8   193.1   205.1   319.4   403.6   462.8   514.0   573.6   640.5   752.1  1061.1  1654.2  7955.5  62138.2    62121
read      387.2   215.7   148.8   197.3   210.6   361.0   437.7   484.9   518.4   553.8   598.1   654.3   782.7  1596.3  7933.7  27475.0    27579
read      407.8   316.3   148.8   195.3   207.7   345.1   438.9   500.8   551.2   613.2   686.3   796.5  1064.0  3385.5 10451.2  42308.2    42391
read      398.2   471.3   148.8   197.2   209.0   293.0   348.1   388.6   425.9   485.6   630.0   953.9  1848.0  4867.9 15810.0  78964.4    79065
read      399.2   417.6   148.8   196.0   207.6   292.0   352.5   399.0   446.5   531.6   726.2   964.3  1617.4  4050.4 12352.1  75140.6    74993
read      437.2   448.1   148.8   197.3   209.5   355.9   462.2   537.0   604.5   672.6   744.0   860.4  1171.4  5072.6 14053.9  36624.2    36656
read      428.4   472.6   148.8   199.5   212.3   381.3   461.9   520.8   560.7   603.8   650.4   726.9  1037.4  5335.2 20425.3  22092.8    21916
read      421.6   435.2   148.8   196.7   208.4   302.3   378.1   447.1   518.5   648.1   822.1   997.2  1524.9  4055.8 13992.2  64382.5    64298
read      441.5   542.8   148.8   197.4   209.6   371.0   466.0   532.9   589.1   646.1   710.8   803.0  1157.0  6810.8 28488.6  32374.7    32317
read      381.7   253.3   148.8   193.1   205.0   308.9   388.6   446.7   498.4   563.5   650.6   803.1  1202.2  1975.7  7699.2  70350.5    70415
read      401.5   271.2   148.8   195.8   208.4   336.0   433.2   494.3   542.6   605.0   683.9   803.6  1102.1  1680.7  9295.5  54126.2    54146
read      399.4   280.8   148.8   198.1   211.6   365.9   445.2   494.1   532.7   579.4   632.4   708.9   861.9  2557.3 10202.0  33469.6    33424
read      389.6   246.2   148.8   193.0   205.0   324.2   416.9   478.1   530.3   592.3   668.7   783.9  1076.9  1558.7  8464.7  58000.1    57788
read      391.8   276.9   148.8   193.2   205.1   316.3   406.9   470.6   526.5   593.7   677.9   822.1  1159.9  1781.1 10236.6  62150.9    62141
read      384.2   261.3   148.8   193.1   205.0   304.1   381.4   439.9   498.6   575.6   670.7   848.7  1274.9  1943.2  7570.7  73254.3    73423
read      386.8   268.1   148.8   193.0   205.1   307.0   388.6   449.1   505.8   580.5   675.8   848.8  1254.4  1771.3  7917.2  70147.1    69976
read      394.0   397.6   148.8   194.8   206.8   298.7   365.3   412.6   458.4   533.0   660.9   926.1  1612.0  3919.7 11161.4  78104.3    78063
read      432.7   583.8   148.8   193.7   205.2   319.0   422.7   496.1   569.0   663.1   766.0   926.3  1360.7  6521.3 29318.0  52215.8    52168
read      435.3   536.0   148.8   193.4   204.9   313.7   417.3   494.0   573.3   672.9   784.3   956.8  1567.6  5826.3 25107.1  52488.4    52521
read      466.5   948.0   148.8   201.4   214.6   300.6   337.8   363.3   388.3   436.2   644.6  1062.1  4228.9  9498.0 32145.6  98085.8    98096
read      434.1   598.4   148.8   194.8   206.8   340.6   445.3   513.1   573.9   646.2   732.7   869.6  1196.9  6999.3 30301.2  42677.9    42655
read      395.9   256.8   148.8   192.7   204.7   338.7   432.6   492.1   539.9   598.8   670.1   780.1  1063.1  1521.8  8119.7  49775.4    49904
read      372.3   510.9   148.8   194.4   206.0   284.3   329.7   359.3   384.4   420.2   480.4   706.1  2325.6  5322.1 16369.1  96633.1    96711
read      395.7   389.4   148.8   192.5   204.6   348.8   432.0   486.0   528.1   577.0   632.9   713.2   924.0  3703.9 12891.8  39004.3    39017
read      394.2   551.5   148.8   194.1   205.7   285.6   334.0   368.1   399.4   451.3   568.0   979.3  2290.6  5521.4 23075.8  90875.9    90801
read      386.3   481.8   148.8   192.9   204.3   284.6   338.9   375.1   410.5   471.0   633.1   952.7  1746.3  5420.1 15414.1  89972.5    89994
read      406.8   721.5   148.8   202.4   217.5   363.0   420.0   447.4   465.3   487.1   512.3   556.6   923.0 11291.7 31702.0  11460.3    11486
read      401.4   308.0   148.8   194.8   207.2   331.4   424.9   489.1   542.9   609.7   691.3   815.2  1096.6  2395.8 11410.7  53810.1    53855
read      392.3   493.8   148.8   196.2   207.9   288.8   337.9   371.9   402.9   452.6   551.4   974.9  2208.3  4775.1 15315.8  88590.5    88784
read      422.6   574.1   148.8   198.2   211.7   373.2   450.1   499.3   533.4   571.5   616.6   684.0   980.2  6970.8 29700.1  21231.8    21339
read      391.1   240.0   148.8   192.9   205.1   329.0   420.9   482.6   533.3   593.6   668.3   777.4  1055.4  1595.7  7695.4  55966.7    55919
read      354.6   255.5   160.7   221.8   243.0   340.5   376.4   394.8   406.9   422.9   440.5   469.1   556.7  4125.3  8959.6   6518.5     6521
read      391.3   288.4   148.8   205.2   222.4   371.8   438.4   474.0   498.8   526.9   561.1   613.9   722.5  2927.1 11870.2  17003.7    16964
read      386.5   274.1   148.8   192.7   204.6   309.2   392.9   455.3   511.3   582.1   673.7   824.8  1216.9  1709.9  8307.2  67193.3    67197
read      379.4   253.4   148.8   201.7   215.4   364.3   432.2   467.6   490.4   514.2   542.9   587.5   685.2  3805.2  9733.7  17367.4    17266
read      364.7   362.4   160.7   218.7   238.7   348.9   387.5   406.8   421.6   436.5   457.9   488.3   566.8  4297.4 14845.3   7574.9     7523
read      415.6   263.6   148.8   197.5   210.3   347.6   448.5   517.4   572.7   633.8   716.3   852.2  1143.9  1587.1  7932.3  44577.8    44680
read      381.3   284.9   148.8   193.3   205.4   303.1   377.3   431.5   486.8   562.6   658.7   841.3  1249.4  1821.4  9843.2  75395.9    75611
read      385.2   273.3   148.8   193.0   205.2   306.6   385.7   444.6   502.9   578.5   669.5   834.6  1241.3  1818.2  8018.0  71441.0    71414
read      386.2   200.7   148.8   196.2   209.8   360.5   436.1   483.7   518.5   557.5   604.4   665.2   791.9  1097.2  5293.2  29200.0    29220
read      383.4   288.8   148.8   193.8   206.1   303.1   373.8   426.8   482.6   566.6   672.4   864.4  1269.2  1863.3  8879.8  78599.8    78670
read      388.0   263.9   148.8   197.0   210.1   309.3   382.9   435.2   490.8   573.5   678.3   859.9  1273.8  1798.0  7856.1  79251.6    79102
read      394.7   249.7   148.8   196.2   209.9   362.2   441.8   491.7   530.5   576.2   627.0   699.8   860.0  1401.8  9312.3  35124.0    35192
read      383.8   244.2   148.8   196.7   210.4   359.1   433.2   477.8   510.3   544.7   585.4   636.0   747.1  1910.9 10326.9  26189.1    26196
read      377.9   262.0   148.8   193.6   205.8   300.7   366.8   412.9   463.3   549.6   660.4   865.6  1282.4  1804.4  7967.6  85677.2    85583
read      389.0   269.8   148.8   194.1   206.5   304.2   380.1   437.3   499.0   583.6   690.5   890.8  1299.2  1844.8  7582.0  73798.2    73692
read      385.5   246.4   148.8   197.4   211.2   361.8   435.9   480.8   511.2   544.5   584.0   632.9   744.6  2018.6 11200.1  24140.6    24042
read      386.2   266.4   148.8   194.0   206.3   304.7   380.0   435.2   494.9   578.0   678.8   866.8  1282.8  1857.2  7542.5  75782.7    75876
read      392.4   240.7   148.8   193.4   205.6   329.0   423.4   486.7   538.3   599.7   673.3   786.2  1045.6  1450.3  7330.0  55847.7    55857
read      373.0   231.4   148.8   203.6   217.5   365.5   426.1   455.4   474.1   495.5   520.8   558.1   641.2  2142.9  9983.6  14418.6    14396
read      400.4   255.0   148.8   195.1   208.2   361.2   448.4   502.3   542.9   591.5   645.7   731.7   933.3  1895.6  8042.0  38510.1    38751
read      403.1   348.5   148.8   200.1   213.4   304.9   363.2   402.0   443.3   534.1   701.1   971.4  1712.6  2846.8 10256.6  96938.1    96952
read      374.4   254.4   148.8   203.2   217.3   363.8   423.8   453.6   472.3   494.2   519.7   558.8   660.0  3146.8 10856.6  14320.3    14276
read      376.2   320.9   148.8   206.0   222.0   363.3   418.9   446.2   463.6   484.1   507.4   545.9   637.0  3934.4 15729.4  12692.6    12706
read      412.3   264.7   148.8   195.2   207.6   347.3   446.8   512.8   566.6   630.9   715.0   844.7  1148.9  1563.4  7970.7  43190.6    43209
read      393.5   276.9   148.8   193.3   205.4   316.6   407.1   471.7   530.6   601.6   688.7   834.0  1167.0  1656.3 10842.9  61808.1    61670
read      394.7   255.6   148.8   192.8   205.1   337.4   432.0   492.1   541.1   600.1   669.8   773.9  1018.2  1494.3  7773.3  50565.4    50627
read      375.9   257.3   148.8   193.4   205.6   298.3   363.2   405.4   452.0   538.0   657.3   877.9  1300.8  1862.0  7547.2  87456.5    87424
read      394.4   248.7   148.8   193.5   206.1   336.0   430.2   492.3   541.7   599.4   666.4   766.6  1015.4  1502.9  7684.8  52853.9    52871
read      389.3   335.1   148.8   193.5   205.8   303.2   376.3   431.4   490.0   576.4   686.2   886.2  1345.2  2164.1  8804.8  75917.7    75927
read      387.5   267.2   148.8   193.1   205.3   309.0   392.2   453.7   511.7   587.9   677.6   830.3  1219.0  1746.0  8110.8  68255.5    68461
read      382.6   284.1   148.8   195.1   207.5   302.1   367.9   413.1   461.3   547.7   668.5   897.7  1317.4  2094.3  8596.2  86788.5    86634

Total QPS = 52056.9 (62468312 / 1200.0s)

Total connections = 64
Misses = 62468311 (100.0%)
Skipped TXs = 0 (0.0%)

RX  187404933 bytes :    0.1 MB/s
TX          0 bytes :    0.0 MB/s
Warning! Detected max cpu usage > 95%
CPU Usage Stats (avg/min/max): 99.95%,49.49%,100.00%
