#type       avg     std     min      p5     p10     p50     p67     p75     p80     p85     p90     p95     p99    p999   p9999      QPS   target
read      446.5   318.9   160.7   233.5   253.6   423.5   504.4   541.8   567.1   593.5   627.8   679.5   828.5  4596.4 12601.9  14968.5    14958
read      349.3   258.0   160.7   211.8   223.5   297.3   351.1   391.9   427.7   473.7   529.9   608.9   859.5  3139.9  9807.0  74468.9    74555
read      375.9   344.2   160.7   222.2   236.3   326.3   385.3   424.0   454.9   493.6   544.5   629.3   886.0  3825.5 11831.7  82459.6    82355
read      344.2   232.9   160.7   214.6   226.4   304.3   356.0   391.0   419.6   457.3   505.6   575.3   740.4  2264.3  8661.4  78572.5    78614
read      510.5  1070.4   173.5   248.4   274.6   418.7   472.0   499.9   519.9   543.5   577.8   638.5  3363.7 12592.8 36842.2   7503.9     7531
read      345.3   344.5   160.7   215.6   226.7   298.2   344.5   377.2   404.6   445.0   500.4   578.4   799.8  3516.4 12427.3  82827.6    83056
read      342.6   364.4   160.7   215.0   226.0   295.8   341.6   374.2   403.5   446.8   502.6   574.7   721.0  4226.0 13569.9  79072.8    79189
read      349.9   328.1   160.7   216.0   227.0   299.0   347.9   385.9   419.5   465.9   523.1   594.6   751.1  4362.1 11417.2  73137.3    72965
read      364.3   376.5   160.7   216.9   228.0   306.3   362.6   405.5   446.5   496.6   552.8   629.5   875.9  4134.7 13201.5  68405.3    68416
read      346.5   420.7   160.7   215.7   226.8   298.8   346.1   381.4   411.5   455.1   510.9   582.0   721.0  3938.5 13295.3  77084.0    77116
read      331.9   318.4   160.7   215.5   226.5   295.7   337.0   363.9   385.6   414.3   457.1   525.0   684.7  3400.2 11098.5  99117.4    99300
read      466.0   640.9   160.7   219.6   233.8   374.6   473.3   537.4   588.1   649.3   725.9   848.3  1360.0  8517.7 30110.7  49047.0    49017
read      499.7   906.5   173.5   236.7   258.2   429.9   492.8   523.8   544.8   571.2   603.1   660.6  2494.1 10114.9 32246.8   9727.4     9675
read      496.8   860.4   173.5   226.6   243.6   430.0   524.9   569.1   597.1   628.2   666.4   726.6  1674.9  8646.5 35742.6  15806.5    15760
read      461.1   648.5   160.7   219.8   233.4   357.6   455.7   521.1   573.0   637.3   726.9   898.3  1556.6  8589.1 29714.6  56538.9    56575
read      481.2   774.2   160.7   224.8   241.2   426.3   513.1   553.1   579.2   608.0   640.7   697.4  1543.8  9644.9 31747.1  14902.8    14890
read      345.8   299.0   160.7   215.6   226.7   298.9   346.6   382.6   413.4   456.5   511.0   585.2   774.4  3468.2 11584.2  78231.9    78281
read      495.7   871.3   173.5   228.6   246.8   434.9   515.8   555.0   581.2   611.1   646.6   713.9  1791.1 10341.5 38539.7  13011.5    13065
read      350.0   410.1   160.7   216.5   227.4   299.4   344.8   376.9   403.6   443.2   498.0   577.3   888.8  4048.8 15456.4  85881.4    85899
read      394.7   357.6   160.7   218.3   229.7   318.8   391.6   448.7   494.4   547.0   612.8   729.2  1280.9  4752.1 10073.5  64161.2    64295
read      346.4   358.0   160.7   215.3   226.4   298.1   345.2   380.2   410.8   455.0   511.7   586.1   768.2  3936.7 11875.5  77849.5    77845
read      332.1   339.1   160.7   213.9   225.0   291.7   332.4   360.5   384.1   417.5   466.7   539.2   701.1  3967.0 12344.3  90712.8    90604
read      520.2  1217.4   173.5   247.0   273.7   416.7   469.6   498.3   519.1   544.5   581.5   649.8  3488.7 24891.9 37016.7   7636.2     7655
read      343.7   350.0   160.7   214.2   225.3   293.5   337.4   369.6   398.6   441.0   497.8   573.9   840.3  4503.3 11306.5  81049.8    81204
read      464.6   651.5   160.7   224.8   241.7   404.6   511.2   559.2   588.8   621.2   659.6   720.9   980.5  8059.1 31085.9  20104.1    20022
read      413.8   278.7   160.7   218.8   232.8   355.2   439.9   498.1   542.6   595.5   663.0   766.4  1076.8  1847.2  9768.5  63862.9    63834
read      429.1   335.9   160.7   223.6   240.5   381.2   482.5   542.3   581.6   620.9   663.1   718.8   839.6  3390.0 10539.0  31302.7    31350
read      373.8   364.5   160.7   218.5   229.9   315.9   378.3   424.9   463.8   510.4   567.4   648.8   921.3  3846.2 12894.1  68408.7    68457
read      521.1  1151.7   173.5   248.9   275.9   424.6   479.8   508.2   529.9   553.0   587.3   651.7  3534.1 21789.0 38130.0   7616.9     7623
read      500.8   860.9   160.7   222.8   239.0   410.5   521.5   576.1   611.0   646.8   690.4   772.4  2028.1  8757.9 32268.2  20483.5    20372
read      459.1   608.8   160.7   218.5   232.2   369.5   465.3   529.2   579.7   640.2   719.2   850.7  1424.1  7947.5 30517.7  52815.4    52974
read      336.4   337.4   160.7   213.5   224.6   290.9   330.0   356.7   378.6   409.3   458.2   535.1  1195.4  3863.9 10776.0  97899.2    97694
read      477.2   647.7   160.7   220.6   236.0   388.3   495.2   563.6   611.9   663.9   726.9   831.3  1399.4  7270.1 30440.9  33482.9    33528
read      337.0   338.9   160.7   214.2   225.4   292.5   332.3   359.0   380.7   411.2   458.1   532.5  1113.2  3788.6 10142.7  97661.5    97656
read      449.1   488.0   160.7   218.5   232.0   366.7   462.5   525.7   576.3   637.3   717.2   849.5  1391.9  6288.8 17735.9  54533.1    54517
read      539.6  1325.6   173.5   236.9   258.1   424.9   487.3   517.1   538.3   564.0   597.1   666.1  3935.9 25623.7 37676.5   9571.4     9540
read      477.5   671.1   160.7   221.0   236.4   392.9   499.0   564.5   611.3   661.0   718.6   804.0  1308.5  8424.2 30894.7  31586.3    31678
read      375.1   410.9   160.7   214.6   226.3   306.7   368.1   418.2   462.2   513.6   572.6   661.9  1077.1  5132.1 13600.9  66011.0    65985
read      339.3   367.3   160.7   214.0   225.2   294.3   338.7   370.0   397.2   434.1   488.5   561.0   720.3  4162.7 12757.3  83478.7    83287
read      352.0   315.4   160.7   214.6   226.0   299.6   350.9   390.6   425.8   474.2   532.5   606.2   798.5  3985.2 11287.0  71380.0    71320
read      447.3   483.0   160.7   217.4   231.2   364.6   458.4   521.9   573.2   635.0   714.1   850.7  1362.2  6406.2 17918.3  55288.8    55370
read      338.4   364.6   160.7   213.8   225.1   293.2   335.4   364.4   388.7   421.6   469.8   546.8   840.7  3947.2 12894.8  94472.3    94509
read      343.3   333.9   160.7   216.5   227.6   301.7   348.2   379.9   404.7   439.2   490.2   563.5   715.9  3897.2 11865.4  85912.7    85962
read      340.8   356.8   160.7   216.2   227.3   300.0   344.7   374.5   399.1   430.7   475.8   546.6   710.1  4074.7 14324.1  91622.8    91528
read      456.4   476.9   160.7   219.4   233.3   372.5   470.6   537.1   589.8   654.9   736.0   872.8  1380.0  5587.1 14816.2  51579.7    51429
read      347.4   385.9   160.7   214.0   225.3   295.6   342.9   378.1   409.9   453.8   510.7   584.8   802.7  4263.2 16969.1  77205.9    77199
read      431.5   631.1   160.7   216.9   229.5   341.3   430.8   492.5   539.3   597.8   682.0   831.7  1409.4  6441.3 20985.1  62209.3    62131
read      337.8   332.0   160.7   215.2   226.3   295.8   338.6   367.2   391.1   422.6   466.8   539.7   780.7  3566.2 11663.0  95339.4    95346
read      327.1   316.6   160.7   213.9   225.0   291.1   330.2   356.4   377.3   405.6   449.1   517.3   680.2  3259.2 10705.6  98722.7    98908
read      489.8   851.5   173.5   224.2   240.8   420.0   511.9   554.8   583.3   615.1   652.3   711.2  1623.4 11930.7 31734.1  16135.2    16277
read      491.8   837.4   173.5   223.7   240.1   415.3   515.7   563.4   593.0   626.6   667.5   732.4  2223.0  9463.9 32118.2  17392.5    17385
read      506.4  1043.0   173.5   230.0   249.2   428.8   500.4   535.8   559.3   585.9   621.2   680.8  2619.9 11001.0 36848.5  11967.4    11933
read      408.6   446.2   160.7   218.2   230.4   326.6   403.2   460.6   506.8   560.8   632.3   768.4  1330.0  5834.2 14616.7  64615.4    64694
read      474.5   653.3   160.7   220.7   236.2   388.2   488.7   553.1   604.9   664.6   734.8   848.9  1405.3  7848.3 30648.9  42687.9    42652
read      343.8   320.8   160.7   217.4   228.4   301.0   344.4   373.6   398.0   430.0   475.1   551.0   872.8  3714.2 10761.6  96098.6    95922
read      333.1   341.1   160.7   214.1   225.2   292.2   334.2   364.2   390.1   425.5   474.3   545.5   693.4  3533.5 13618.9  86875.9    86821
read      338.6   339.9   160.7   213.7   224.9   293.0   336.9   368.4   396.5   435.3   488.1   560.7   722.1  4747.1 12249.3  82044.7    82202
read      370.3   361.4   160.7   217.1   228.4   310.1   370.1   417.7   458.4   507.0   566.0   645.5   947.0  3995.9 12713.9  67331.5    67369
read      410.9   402.8   160.7   218.6   230.5   330.1   410.7   469.3   515.3   571.4   641.6   775.5  1355.5  4848.6 12925.9  60931.6    61121
read      470.8   642.2   160.7   220.0   235.0   384.9   483.9   548.3   599.5   660.5   730.3   842.0  1311.5  9246.8 31030.6  41178.5    41121
read      458.7   509.0   173.5   233.4   254.7   434.4   497.5   530.1   552.1   580.1   615.2   672.6   857.6  7027.3 27910.6  11941.1    12010
read      441.4   268.7   160.7   225.8   244.6   405.0   502.9   556.9   591.9   629.2   672.0   731.6   862.3  2430.6 10580.4  27600.8    27588
read      442.5   336.7   173.5   233.0   253.5   429.0   499.2   532.1   553.7   579.8   612.3   664.0   796.5  4459.9 12882.4  13279.7    13253
read      438.4   274.0   160.7   226.3   245.0   409.2   506.3   552.9   582.0   613.6   649.3   703.8   832.0  2747.7 11500.6  20552.7    20571
read      347.5   232.1   160.7   218.5   229.6   306.2   356.9   393.7   425.2   465.6   516.5   587.3   741.3  2012.5  8785.7  76098.4    76124
read      437.7   266.4   160.7   223.5   240.6   386.3   482.6   543.9   589.1   639.4   697.8   779.8   978.4  2363.0  9700.8  44815.5    44626
read      438.4   268.7   160.7   222.8   239.5   403.6   509.4   563.9   596.7   628.4   665.9   720.6   863.6  2694.3 10119.3  20760.4    20654
read      432.5   284.4   160.7   220.7   236.2   385.5   477.8   535.9   580.0   628.5   686.0   769.1   982.9  1886.9  9561.4  44479.9    44403
read      339.2   232.3   160.7   214.2   225.4   298.0   346.2   380.0   407.8   446.2   496.4   571.9   738.4  2502.4  8789.5  82033.5    82301
read      477.4   511.2   160.7   223.9   240.5   419.0   536.3   596.5   633.5   672.6   717.2   781.1  1077.7  6665.8 24276.9  22031.0    22084
read      469.1   533.1   160.7   219.7   234.1   388.4   497.4   568.3   621.7   683.2   752.6   860.2  1277.5  5973.6 30196.1  43956.8    43797
read      461.7   442.3   160.7   221.0   235.5   369.3   473.5   542.8   597.9   669.3   762.9   925.3  1456.6  5890.0 13533.8  54421.3    54351
read      353.4   306.1   160.7   215.9   227.1   303.8   357.6   397.8   433.8   480.6   536.1   607.5   774.7  3495.3  9059.0  69853.7    69757
read      515.5  1166.5   187.4   261.8   291.1   419.4   466.2   491.2   507.5   531.8   562.9   624.4  3231.0 21865.7 38063.0   5832.9     5788
read      450.2   454.9   160.7   219.9   233.5   359.8   461.2   528.3   582.0   649.0   741.4   906.7  1401.2  5627.9 15233.5  57301.1    57398
read      358.5   321.9   160.7   217.2   228.4   307.1   362.5   403.8   442.4   490.9   546.1   619.4   793.7  3356.5  9541.3  68685.7    68766
read      362.2   308.3   160.7   216.4   227.7   306.6   363.4   406.4   446.2   495.4   553.3   631.8   914.3  3379.7  9392.0  69154.8    69123
read      336.3   305.9   160.7   215.5   226.6   296.8   340.4   370.2   395.4   429.0   475.8   546.4   709.4  3405.1 10591.1  90641.1    90562
read      349.0   197.5   160.7   217.3   228.7   308.1   361.4   399.1   431.8   472.7   525.0   594.4   739.7  1774.3  8152.3  72514.7    72433
read      447.5   417.0   160.7   220.5   234.7   363.9   460.7   526.3   578.2   640.9   729.8   882.1  1399.6  4998.4 12616.5  57441.0    57421
read      348.2   358.7   160.7   216.1   227.1   298.6   345.4   379.6   408.4   449.0   501.9   580.5   849.1  3972.9 15031.7  83208.7    83201
read      478.9   606.7   160.7   222.2   237.6   389.4   495.3   563.6   616.5   679.4   755.4   887.5  1386.3  7763.2 30609.8  42375.2    42272
read      359.5   385.5   160.7   219.0   230.0   308.3   358.4   393.0   422.4   461.7   514.1   593.7   887.7  4431.2 13511.5  82082.1    82265
read      350.2   394.9   160.7   217.4   228.0   299.8   346.3   380.5   408.7   448.6   501.2   575.9   778.9  4220.4 13503.2  82355.7    82460
read      462.6   525.4   160.7   224.0   241.1   395.7   500.2   561.4   605.2   651.9   706.5   787.7  1078.6  6638.6 21287.3  33586.3    33558
read      449.1   301.7   160.7   229.1   247.7   404.8   520.1   573.9   608.5   643.3   685.1   743.8   875.8  2874.0  9206.4  24450.0    24399
read      350.4   257.8   160.7   219.4   230.6   308.2   357.1   390.1   417.2   453.2   501.2   578.7   874.3  2597.3  8894.9  89577.6    89605
read      445.8   329.6   173.5   225.5   243.4   394.3   497.1   556.8   599.6   642.9   693.6   765.2   942.6  4023.4 11777.4  33255.7    33276
read      461.3   555.3   160.7   219.4   234.1   381.4   486.4   551.9   600.9   652.9   710.8   794.4  1223.8  6345.9 28774.8  34814.4    34803
read      466.5   619.4   160.7   219.6   234.1   380.3   478.7   543.3   594.1   653.1   723.7   834.3  1381.8  7132.9 30600.1  45342.9    45353
read      376.8   389.8   160.7   218.0   229.1   311.9   371.6   416.6   455.5   503.8   566.0   672.6  1142.3  4460.8 11401.9  75402.9    75381
read      337.8   305.2   160.7   215.8   226.7   298.0   342.9   373.2   398.8   432.6   479.3   548.5   714.3  3193.9 11007.5  91761.7    91628
read      452.9   291.6   160.7   229.1   247.8   407.3   519.9   577.7   615.5   654.9   700.0   763.2   912.8  2495.7 12459.4  26816.2    26898
read      452.4   365.7   173.5   245.7   270.0   439.6   501.0   530.6   549.5   576.3   608.6   659.6   796.0  4417.9 17079.6  10647.3    10732
read      452.4   294.2   160.7   231.2   252.0   420.8   516.0   565.2   598.8   633.3   675.4   735.8   870.4  2494.2 15267.6  23663.8    23656
read      444.1   244.7   160.7   225.4   243.5   401.3   497.8   552.6   594.4   640.2   693.1   773.7   992.9  1575.9  8336.0  43186.2    43123
read      442.5   277.0   160.7   226.7   245.1   396.5   493.8   550.5   593.1   638.1   690.4   764.2   943.0  1983.7  9994.3  39109.8    39024
read      460.4   338.8   160.7   230.8   249.6   423.2   537.5   588.8   620.9   655.5   695.9   760.5   918.4  2498.3 11908.7  21455.4    21357
read      367.1   322.8   160.7   221.5   234.3   318.1   372.3   409.6   442.3   485.5   539.6   621.8   849.8  3755.1 11408.6  76020.9    75966
read      490.8   565.8   160.7   224.1   239.9   381.9   497.8   572.8   631.7   710.4   820.2  1042.9  1607.8  7542.9 28679.4  49733.1    49772
read      382.1   239.8   160.7   219.3   231.9   328.1   397.6   448.2   489.7   537.8   596.8   688.5   974.4  1683.1  8140.8  64945.2    65150
read      433.4   271.1   160.7   239.8   259.9   422.5   482.8   510.8   531.7   553.8   586.5   635.5   784.5  4050.0 10994.7  13478.9    13498
read      395.2   241.7   160.7   223.7   238.9   347.7   430.1   487.8   525.7   564.8   610.2   672.0   799.6  1359.8  9778.3  43375.3    43386
read      344.0   189.1   160.7   217.6   229.0   309.1   360.2   393.6   421.0   456.5   503.7   572.8   718.0  1450.6  8296.8  82914.9    82950
read      334.3   183.3   160.7   216.9   228.2   303.9   349.6   379.4   402.7   433.6   476.3   541.2   679.1  1280.7  7013.4  93352.2    93340
read      441.2   349.9   173.5   259.5   287.6   421.0   467.9   494.5   512.4   535.8   566.1   618.5   770.0  5262.0 12662.6   8646.3     8623
read      437.1   283.5   173.5   242.8   264.9   424.0   488.6   519.8   540.4   565.5   595.1   645.8   788.1  3198.8 12468.8  15139.5    15236
read      331.9   221.6   160.7   216.5   228.0   302.5   346.3   373.9   396.3   424.9   464.6   527.1   661.5  1514.9  7980.4  99111.5    99147
read      394.9   255.3   160.7   223.3   237.9   338.3   428.3   494.1   533.9   574.9   620.6   681.6   815.0  1567.4  9413.5  42251.1    42174
read      383.4   228.6   160.7   220.8   234.3   330.0   407.0   470.8   515.2   558.0   605.5   667.7   799.1  1482.5  8411.0  47659.9    47613
read      363.2   212.0   160.7   218.9   230.8   318.5   380.2   425.3   463.1   507.6   557.6   627.1   773.5  1529.0  8400.2  62980.6    63044
read      369.3   210.0   160.7   218.0   230.3   321.2   390.0   442.4   485.0   528.6   575.8   637.1   775.6  1342.5  8436.1  52790.3    52805
read      415.4   302.3   160.7   228.5   245.3   402.8   475.6   506.4   527.8   549.7   582.6   631.3   744.9  2675.6 10225.4  18472.0    18423
read      345.7   204.1   160.7   214.1   226.1   307.0   363.3   402.0   434.9   476.6   524.4   584.6   698.8  1037.8  8077.8  66545.0    66569
read      425.7   364.6   160.7   254.5   280.2   407.3   451.1   474.1   492.7   512.1   541.0   587.8   720.7  5021.2 17605.7   8855.5     8884
read      421.1   264.2   173.5   233.3   252.1   401.9   479.2   513.8   536.2   562.0   593.4   641.7   757.9  1985.4 10359.3  20740.7    20729
read      347.2   203.0   160.7   216.3   228.0   309.3   362.9   400.2   432.3   472.7   521.2   584.6   718.9  1260.5  6951.7  70713.4    70736
read      403.8   271.8   160.7   223.7   238.8   372.2   467.6   506.4   529.8   554.2   586.5   633.9   745.7  2451.4 11963.6  23944.0    23902
read      321.1   170.8   160.7   211.6   223.3   290.5   332.7   361.8   385.6   416.9   460.4   522.4   639.8  1090.9  7001.8  92148.1    92247
read      335.2   171.3   160.7   213.5   225.2   297.8   346.6   382.2   411.6   451.4   501.6   568.3   692.7  1165.1  6799.3  77493.9    77495
read      425.8   462.1   173.5   260.1   287.9   398.5   438.5   463.5   481.9   503.8   534.4   584.6   739.9  5905.8 17153.2   7286.6     7246
read      369.8   225.7   160.7   219.1   231.4   328.6   396.0   441.8   477.9   517.1   560.2   621.7   747.2  1645.2  9136.8  52072.3    52180
read      353.9   224.0   160.7   215.9   227.9   311.9   370.6   413.8   450.0   493.1   540.5   602.1   728.1  1260.8  8521.3  62065.6    62021
read      370.4   231.4   160.7   218.7   230.9   322.6   393.7   448.7   489.7   529.9   572.2   629.3   749.0  1474.2  9402.8  48902.5    48920
read      319.1   195.8   160.7   211.6   223.2   288.9   329.6   358.1   381.1   412.0   455.2   516.9   633.0  1180.7  6570.0  93104.3    93127
read      382.8   226.6   160.7   220.8   234.1   331.7   415.2   474.2   512.3   547.7   589.2   646.3   784.0  1977.9  8472.1  42420.4    42370
read      425.0   280.6   173.5   234.4   251.9   411.3   485.4   518.0   538.6   563.0   592.5   640.8   772.2  3356.4 12121.9  17979.1    17921
read      333.4   214.8   160.7   217.5   228.7   301.4   346.0   376.0   400.4   432.2   475.1   538.8   673.0  1240.6  8130.1  92646.0    92865
read      442.6   470.3   173.5   276.1   304.5   407.4   448.0   471.0   491.9   515.1   547.7   607.2   826.4  6955.3 19642.9   5808.8     5820
read      415.4   234.1   173.5   230.4   247.6   386.4   470.0   512.5   538.7   567.8   602.2   658.8   798.6  2247.0  9274.8  27043.6    27154
read      411.6   307.2   173.5   227.8   244.5   378.3   466.0   510.7   537.1   566.2   599.6   654.3   790.0  2171.1 11598.4  27628.7    27656
read      421.2   258.4   173.5   229.5   246.6   395.3   482.7   521.2   544.8   572.8   606.4   661.1   800.9  3013.8 12015.2  22120.8    22240
read      328.4   169.5   160.7   214.2   225.8   298.0   342.6   372.0   396.0   426.5   468.4   531.9   657.1  1285.2  6534.7  93015.1    93006
read      431.5   508.9   173.5   270.1   298.8   401.3   442.1   466.0   484.7   505.8   537.7   588.5   733.4  5862.0 28881.7   6081.6     6118
read      338.1   215.5   160.7   214.5   226.2   302.7   353.0   387.1   413.8   448.5   494.7   560.1   691.9  1337.3  8540.7  82733.9    82862
read      372.8   222.8   160.7   219.8   232.5   323.8   395.7   450.7   492.4   534.6   579.5   638.7   773.8  1217.7  8920.3  50041.2    50018
read      426.0   285.7   173.5   246.6   270.6   411.7   461.7   488.6   506.6   531.2   561.8   616.0   762.3  3852.0 12015.7  10585.6    10584
read      339.0   171.5   160.7   217.5   228.8   306.6   355.2   387.8   413.4   446.4   490.8   554.7   696.5  1219.9  6727.2  87528.2    87649
read      403.5   253.3   160.7   224.3   239.6   356.3   460.5   511.1   539.8   571.3   608.6   665.6   797.0  2068.8 10706.6  31128.6    31045
read      361.9   229.5   160.7   219.3   231.4   319.1   379.9   423.3   459.9   505.1   555.3   621.8   752.4  1133.3  7972.4  63807.6    63834
read      408.3   263.6   160.7   225.0   240.5   360.6   466.6   518.4   547.6   579.5   617.8   674.6   807.0  2393.5  9107.4  30745.2    30832
read      328.4   170.2   160.7   216.6   227.8   300.3   343.2   371.3   393.8   422.2   461.6   523.9   654.5  1237.2  6696.5  98791.8    98683
read      386.5   240.1   160.7   220.9   234.6   336.4   423.3   482.2   518.6   553.4   592.1   651.4   786.2  1879.5  8639.8  40155.6    40218
read      373.5   234.2   160.7   220.2   233.1   327.4   397.5   449.5   489.5   530.7   575.0   634.3   767.7  1245.8  9149.8  50820.0    50855
read      414.4   295.9   160.7   226.8   243.1   392.1   473.4   508.7   531.6   556.1   587.9   637.9   785.5  3767.2 12497.3  20811.9    20789
read      387.4   245.2   160.7   221.2   234.8   336.2   426.0   485.4   521.7   557.0   595.2   651.5   785.1  1464.0  8576.4  39255.5    39308
read      373.1   230.5   160.7   220.7   233.9   325.1   393.6   445.6   487.2   530.9   577.3   638.3   782.2  1329.3  7814.6  53456.1    53470
read      338.2   194.9   160.7   214.9   226.6   304.2   353.9   387.3   413.9   448.9   495.3   559.3   688.7  1402.4  7948.4  81693.9    81628
read      428.4   375.7   173.5   248.4   273.8   409.8   456.9   482.8   501.9   525.7   554.6   606.7   745.3  4495.9 16137.1   9883.4     9904
read      367.3   238.3   160.7   219.2   231.6   323.0   386.8   432.9   470.6   515.2   563.4   627.3   753.7  1446.2  9604.0  58672.3    58852