Random waveform, random seed
Total number of intervals = 120 (88566, 49865, 10663, 89182, 48455, 63173, 40348, 40421, 34648, 7586, 50938, 79501, 93528, 34272, 58252, 78313, 70420, 33734, 33657, 65533, 84931, 48915, 89407, 36541, 88960, 23519, 34064, 72288, 85043, 27784, 68345, 26643, 95038, 47337, 81381, 54725, 85952, 18909, 75425, 85917, 97559, 46587, 9603, 45611, 57011, 21202, 42675, 11790, 28706, 87138, 91510, 35301, 53342, 17750, 62229, 42704, 27772, 56616, 42540, 15612, 51727, 42728, 54114, 72151, 59288, 8843, 97648, 23107, 41830, 55423, 35633, 36982, 91842, 18840, 42962, 91945, 26726, 63523, 18930, 39781, 14923, 62160, 12689, 35927, 28794, 47717, 12564, 28191, 83378, 78222, 65324, 84281, 55373, 50503, 90271, 16801, 85051, 74543, 80337, 70947, 65853, 41091, 79237, 14213, 88402, 50454, 26235, 75429, 44823, 16551, 62156, 50248, 73025, 22411, 18343, 50874, 48453, 20006, 69859, 23492)
Average QPS expected = 51571
Timestamp start: 1684430108987
Timestamp end: 1684431309398

#type       avg     std     min      p5     p10     p50     p67     p75     p80     p85     p90     p95     p99    p999   p9999      QPS   target
read      384.4   337.9   160.7   213.1   225.4   313.5   372.9   414.0   448.0   494.7   573.2   752.7  1441.1  4078.4  9837.6  88562.9    88566
read      419.1   276.4   160.7   210.1   223.3   357.5   446.6   502.3   547.4   609.1   693.9   826.0  1166.4  2191.3  9560.8  49847.6    49865
read      479.7   548.7   173.5   238.8   260.8   431.5   506.7   550.1   585.6   629.8   690.2   783.9  1072.0  6227.0 30547.3  10667.3    10663
read      415.6   405.2   160.7   217.2   229.1   318.2   375.6   420.4   460.0   518.6   634.7   999.7  1777.1  4339.8 11070.2  89074.4    89182
read      466.6   675.1   160.7   212.8   225.9   359.4   460.8   526.5   582.7   658.8   762.6   961.0  1510.8  9162.1 31109.8  48483.9    48455
read      444.1   394.8   160.7   215.2   228.5   349.4   441.4   506.4   565.0   642.3   759.2   967.8  1495.3  4176.3 10861.7  63188.8    63173
read      469.1   591.2   160.7   218.1   231.8   383.2   479.9   542.1   596.8   667.4   751.2   884.0  1357.3  8122.8 30180.1  40432.7    40348
read      465.4   609.6   160.7   216.4   230.1   378.2   474.8   537.6   590.6   659.4   742.6   877.0  1317.1  8314.1 30516.8  40496.7    40421
read      468.1   666.3   160.7   216.4   230.0   381.7   479.8   542.3   593.2   656.6   735.5   860.9  1303.3  9561.2 30882.7  34627.2    34648
read      467.3   956.5   173.5   234.0   256.2   394.2   446.4   472.4   492.3   513.4   544.2   600.0  1944.0 12637.5 35327.9   7569.2     7586
read      457.5   498.1   160.7   216.0   228.7   362.8   464.0   530.4   587.5   666.0   773.3   963.2  1457.6  5447.9 19315.6  50882.5    50938
read      409.2   381.7   160.7   215.9   228.0   320.0   387.7   436.1   478.7   537.1   639.8   892.9  1602.9  4137.0 11116.5  79266.6    79501
read      446.8   552.8   160.7   220.1   233.2   326.0   376.0   416.2   454.4   514.5   675.9   985.8  2046.6  5967.7 18023.1  93752.9    93528
read      476.5   676.4   160.7   217.5   231.1   385.8   484.2   547.9   603.2   668.9   744.7   864.0  1383.5  9074.2 30743.5  34348.6    34272
read      457.6   494.9   160.7   216.6   229.8   356.9   453.1   519.1   577.3   657.7   769.8   979.5  1556.1  5716.1 19406.3  58328.8    58252
read      413.8   423.5   160.7   216.8   228.9   326.3   398.6   450.2   494.2   554.2   657.0   868.8  1516.9  4397.3 12898.8  78302.3    78313
read      431.8   372.5   160.7   214.3   227.6   345.3   432.3   493.6   545.7   619.2   725.6   915.4  1434.0  3709.4 11996.9  70368.5    70420
read      463.7   620.4   160.7   216.1   229.9   383.2   475.1   537.3   589.8   652.6   730.3   853.7  1264.8  7303.9 27910.1  33872.9    33734
read      478.4   884.8   160.7   217.5   231.3   387.6   483.1   545.2   598.2   662.8   739.2   861.3  1370.0  9254.8 31756.2  33781.6    33657
read      448.7   458.1   160.7   216.4   229.2   350.3   443.3   507.9   564.8   643.7   761.6   982.4  1508.1  5039.1 15437.9  65359.6    65533
read      429.3   447.1   160.7   219.6   232.2   325.4   388.4   435.4   479.6   544.9   672.6   980.8  1814.7  4654.3 14409.6  84698.5    84931
read      463.9   476.5   160.7   217.1   230.1   365.9   470.0   540.0   597.9   678.5   793.9   997.4  1492.2  4863.4 15859.0  48918.1    48915
read      441.6   481.8   160.7   221.9   236.1   335.0   392.2   431.4   466.2   519.3   629.9   978.2  1950.5  4705.9 13872.8  89443.0    89407
read      506.5   659.3   160.7   221.0   235.6   396.0   510.3   590.9   664.0   753.1   857.3   941.0  1577.7  8061.7 31027.6  36591.0    36541
read      499.6   557.2   160.7   223.8   239.5   341.2   395.6   443.1   498.4   623.4  1102.3  1562.2  2210.5  5055.3 18419.2  88971.8    88960
read      520.3   800.9   160.7   222.4   238.8   414.7   527.9   602.5   659.0   720.3   791.7   914.3  1699.4  9984.5 31736.1  23450.1    23519
read      494.4   587.0   160.7   220.7   235.7   397.0   507.1   583.0   646.1   724.0   815.8   975.4  1487.9  7684.3 27549.3  34135.2    34064
read      430.8   401.6   160.7   217.2   229.9   335.9   413.0   468.5   518.1   591.0   715.9   966.4  1585.9  4270.7 12194.1  72331.9    72288
read      443.9   468.9   160.7   220.0   233.1   328.8   387.6   433.2   478.6   549.4   716.7   992.8  1930.6  4369.4 13747.1  84977.3    85043
read      487.9   653.1   160.7   220.8   235.8   401.2   504.4   573.4   629.1   695.2   775.9   897.2  1322.7  9357.4 30480.3  27816.0    27784
read      439.5   386.5   160.7   216.7   229.7   343.9   431.0   494.3   548.8   630.7   755.0   980.9  1516.8  3550.4 13567.6  68169.2    68345
read      492.2   657.2   160.7   218.4   232.4   399.8   506.9   578.3   635.2   702.6   780.6   909.5  1352.4  8965.7 30189.5  26752.8    26643
read      447.7   492.0   160.7   222.2   236.7   335.2   385.4   421.2   454.5   505.1   626.8   998.8  2025.5  4863.5 13455.5  95077.0    95038
read      480.7   574.4   160.7   217.9   231.0   368.2   476.1   550.1   617.1   710.8   836.5   984.4  1549.0  8235.2 26483.8  47356.1    47337
read      405.4   350.4   160.7   215.4   227.5   317.7   381.4   428.8   469.5   529.4   634.0   905.1  1617.0  4075.4  9355.8  81554.4    81381
read      469.5   517.0   160.7   216.9   229.9   354.0   457.5   530.1   593.6   690.4   826.5   961.9  1603.9  6139.3 17371.5  54770.3    54725
read      463.1   554.4   160.7   221.9   236.3   334.1   391.2   436.9   485.0   564.7   758.7   991.9  2259.1  5370.0 16944.1  85823.0    85952
read      512.5   900.4   160.7   220.5   235.2   412.0   516.1   583.0   629.3   682.1   744.2   843.5  1942.6 12211.4 35823.6  19014.4    18909
read      416.2   370.8   160.7   213.7   226.5   327.7   402.2   457.2   503.8   572.1   687.9   917.9  1483.0  3895.1 11651.3  75643.2    75425
read      450.6   509.7   160.7   221.0   234.7   330.3   388.9   436.0   485.6   562.6   736.9   989.2  2029.0  5562.1 16010.7  85952.9    85917
read      428.4   495.5   160.7   220.8   234.1   326.1   375.5   410.0   440.0   485.1   571.6   962.1  1990.7  5039.7 17705.3  97715.1    97559
read      478.2   546.9   160.7   218.6   231.9   374.4   475.4   543.3   604.3   686.0   790.5   981.3  1771.0  6525.4 23458.3  46505.9    46587
read      482.0   889.6   173.5   229.1   248.6   412.1   479.4   513.4   537.6   565.7   601.1   669.2  1780.9  9252.4 32210.3   9605.7     9603
read      477.5   590.7   160.7   216.5   229.9   372.5   476.9   546.3   610.0   697.9   810.9   999.1  1484.6  8297.9 29950.9  45662.3    45611
read      460.1   483.6   160.7   215.9   228.9   350.7   452.0   522.9   583.9   674.9   808.9   946.9  1564.2  4689.7 18274.6  57001.4    57011
read      482.6   661.9   160.7   219.1   233.3   404.7   506.3   570.9   617.7   668.4   730.1   816.8  1250.6  9216.8 30513.2  21190.7    21202
read      473.6   532.9   160.7   214.9   228.3   373.3   481.1   551.0   614.9   700.9   809.1   991.7  1431.5  7660.6 22343.3  42765.3    42675
read      485.2   868.5   160.7   223.2   239.9   406.2   483.1   523.3   549.5   582.6   623.9   691.2  2079.0 12162.4 31655.7  11849.8    11790
read      481.2   646.9   160.7   218.0   231.7   395.8   495.8   561.1   618.1   686.3   771.2   889.1  1278.8  8373.3 31228.6  28680.3    28706
read      456.1   568.9   160.7   220.3   233.6   331.2   384.1   426.3   467.4   540.0   748.2  1439.9  1995.6  4425.9 14485.0  87197.4    87138
read      436.3   472.6   160.7   219.0   231.4   322.2   375.9   418.3   458.2   521.1   678.7   976.7  1944.8  4814.1 13059.0  91337.7    91510
read      477.6   590.8   160.7   216.7   230.2   384.8   489.6   554.7   615.5   692.5   791.7   944.3  1373.5  8692.2 27984.7  35370.1    35301
read      462.9   492.8   160.7   214.7   227.6   353.3   458.8   531.1   592.8   683.3   816.2   961.8  1547.4  4863.5 18615.5  53150.8    53342
read      447.5   401.3   160.7   225.1   242.8   411.1   500.2   544.8   577.4   614.3   659.9   734.0   916.1  4451.0 15781.9  17810.3    17750
read      437.1   289.9   148.8   218.8   232.5   358.7   451.9   515.9   569.2   638.7   738.0   905.6  1340.5  2174.1  9150.5  62316.2    62229
read      453.6   308.5   160.7   221.2   236.8   392.8   492.4   551.0   599.2   659.8   741.9   872.0  1214.5  2728.9 11435.8  42725.4    42704
read      445.2   258.2   160.7   224.8   243.0   403.2   493.7   546.2   588.3   636.9   697.2   786.7   982.7  2682.5  9207.5  27847.2    27772
read      439.7   301.0   160.7   217.6   231.6   358.4   455.4   521.1   575.1   645.7   751.0   926.3  1349.4  2022.1  9138.0  56594.7    56616
read      441.7   277.6   160.7   218.3   232.7   386.1   482.3   539.0   582.9   637.4   717.1   846.4  1162.7  2070.3  8876.7  42524.9    42540
read      449.0   283.8   160.7   231.3   250.1   426.4   508.5   549.2   580.1   615.5   660.1   730.8   881.4  3701.0 10815.4  15571.9    15612
read      441.2   289.3   160.7   218.9   233.1   374.0   472.6   533.6   581.6   641.2   728.8   872.5  1233.1  2021.1  9323.4  51596.4    51727
read      450.9   298.3   160.7   219.9   234.5   388.5   488.7   547.4   595.5   658.0   743.6   882.1  1241.9  2001.7 11174.4  42885.8    42728
read      442.6   315.3   160.7   217.1   231.0   363.3   465.2   531.0   583.0   649.4   744.7   913.8  1348.8  2062.6 12254.8  54126.9    54114
read      423.6   270.1   160.7   216.2   229.9   349.4   434.3   494.7   546.0   616.6   711.4   881.3  1276.1  1968.4  8362.4  72172.4    72151
read      437.9   312.1   160.7   215.9   230.0   356.6   453.8   519.6   572.3   640.2   741.0   920.8  1341.8  2208.1 11336.2  59328.6    59288
read      428.0   343.0   173.5   242.8   266.2   410.2   464.2   492.3   510.9   535.3   565.6   616.4   755.6  5251.7 15594.8   8802.1     8843
read      419.3   372.3   160.7   221.3   234.8   324.9   372.8   405.3   435.5   480.2   570.5   995.2  1779.4  2977.8  9871.2  97562.6    97648
read      445.7   319.7   160.7   223.9   241.1   404.4   498.6   551.1   590.8   635.7   690.9   769.9   936.1  4053.3 12444.7  22969.7    23107
read      458.8   337.6   160.7   219.0   232.7   383.6   490.8   553.6   606.5   679.0   781.3   944.8  1329.0  2504.4 11554.1  41742.8    41830
read      445.0   326.9   160.7   217.5   230.6   356.1   457.9   526.1   582.0   656.0   765.7   952.0  1424.4  2319.1  9480.6  55423.0    55423
read      451.1   278.0   160.7   222.1   237.9   398.6   495.4   552.0   596.8   656.0   733.1   853.7  1139.2  1942.9  9439.0  35627.1    35633
read      492.5   501.0   160.7   220.7   234.8   400.0   514.7   586.6   650.4   739.3   846.9   974.9  1393.3  6300.3 19212.1  36918.7    36982
read      446.1   475.6   160.7   222.1   236.4   332.4   385.6   425.9   464.3   527.6   678.6   954.1  1872.8  5277.4 12690.9  91750.3    91842
read      494.6   728.9   160.7   221.3   236.6   423.1   526.4   588.6   632.6   679.9   734.9   814.2  1312.8  8907.6 35476.1  18882.9    18840
read      472.5   478.1   160.7   216.4   229.6   383.8   496.4   565.8   626.9   710.5   813.6   967.7  1354.9  5434.8 16093.0  42882.4    42962
read      452.4   512.7   160.7   222.3   236.9   334.4   387.0   426.7   464.5   527.1   688.6   986.4  1978.8  5085.3 16096.4  91865.5    91945
read      499.5   673.7   173.5   221.8   236.9   419.7   526.6   597.2   657.9   722.8   792.5   892.0  1263.2  9786.0 30158.6  26728.5    26726
read      452.8   376.1   160.7   219.1   232.3   351.7   448.2   518.7   579.6   666.4   797.2   953.2  1510.4  3679.4 12547.2  63558.9    63523
read      494.2   618.6   160.7   223.6   240.1   431.7   535.9   598.0   640.7   687.5   739.6   815.1  1278.1  7753.4 31462.6  18931.5    18930
read      485.7   525.2   160.7   219.9   234.0   395.7   505.8   573.8   632.5   712.9   810.1   965.9  1434.3  6607.0 26102.6  39725.2    39781
read      452.1   398.1   160.7   231.0   250.0   426.6   505.5   544.1   571.7   602.9   643.5   714.5   881.8  4477.1 16315.4  14895.8    14923
read      436.4   307.4   160.7   217.1   231.2   356.0   450.4   515.6   568.6   637.0   735.9   914.0  1336.8  2160.6 11386.4  62171.6    62160
read      445.0   327.8   160.7   234.6   254.7   425.7   496.5   531.6   555.5   585.2   625.8   686.8   836.2  4650.5 13021.7  12692.5    12689
read      466.7   312.5   160.7   223.6   240.1   405.3   504.3   561.5   608.3   671.8   766.0   921.1  1283.4  2686.3  9446.6  35867.0    35927
read      456.7   299.2   160.7   224.8   242.8   409.6   502.0   555.3   596.4   651.2   726.5   840.9  1089.2  2774.3 11146.1  28753.2    28794
read      447.0   309.5   160.7   217.2   231.1   374.3   476.8   539.2   588.5   653.8   747.7   911.5  1299.2  2077.7  9180.8  47670.1    47717
read      446.5   297.4   160.7   236.9   257.5   427.5   497.9   533.3   558.0   587.8   628.5   690.4   841.0  4445.5 11393.6  12553.4    12564
read      468.3   303.0   160.7   226.2   244.3   415.7   509.8   566.0   610.2   670.6   758.3   886.2  1169.6  3288.2  9374.7  28196.4    28191
read      437.6   428.9   160.7   222.1   236.4   333.4   395.7   443.3   487.0   550.8   688.7   966.4  1826.9  4710.9 12217.4  83331.0    83378
read      428.7   408.4   160.7   220.7   233.8   331.4   398.6   451.3   496.9   561.7   684.3   984.0  1705.7  4388.2 12125.9  78118.2    78222
read      450.8   399.1   160.7   218.1   230.8   348.6   446.6   512.6   570.4   654.4   783.4   999.8  1558.2  4245.2 12787.6  65339.7    65324
read      462.9   460.9   160.7   223.0   237.9   340.6   412.7   473.5   534.6   630.1   818.7   985.4  1931.3  4750.3 12842.6  84382.7    84281
read      465.7   508.6   160.7   218.1   230.6   356.4   461.9   531.1   589.0   675.5   804.4   971.9  1579.5  5373.8 19865.9  55319.2    55373
read      459.8   371.2   160.7   219.0   232.4   371.9   479.1   546.3   603.1   678.3   783.5   962.7  1384.4  4027.5 10133.8  50608.7    50503
read      398.3   318.6   160.7   219.7   232.1   321.1   377.6   418.9   454.6   503.3   586.1   839.7  1622.6  2815.8  8690.6  90224.3    90271
read      449.4   471.9   160.7   225.8   243.8   418.1   504.4   547.0   577.5   612.6   657.8   730.4   909.3  4433.7 25106.5  16744.9    16801
read      410.1   404.8   160.7   215.8   228.2   320.0   385.6   433.7   474.8   534.6   636.7   908.3  1637.8  4259.3 12360.3  85031.3    85051
read      428.1   401.4   160.7   214.6   227.6   336.2   416.1   473.8   526.0   598.1   713.3   935.5  1491.6  4316.5 12729.5  74623.0    74543
read      407.3   344.3   160.7   214.9   227.5   324.6   394.8   445.3   489.3   549.4   651.9   864.8  1484.1  3689.7 10240.4  80233.0    80337
read      434.0   368.9   160.7   215.2   228.4   345.5   434.1   496.2   548.4   624.5   737.9   940.2  1429.2  3378.6 12533.1  70800.1    70947
read      438.6   339.9   160.7   217.1   230.4   352.4   445.3   510.0   566.2   637.7   745.4   938.0  1403.2  2698.5 12649.2  65688.6    65853
read      452.3   275.1   160.7   221.9   238.1   399.5   495.1   551.0   595.8   653.0   731.9   854.8  1166.7  1873.2  9465.0  40972.6    41091
read      426.0   365.3   160.7   221.7   235.8   336.1   402.3   452.8   497.2   560.1   674.1   956.6  1715.2  3944.7 10540.2  79149.0    79237
read      512.7   981.7   160.7   227.1   244.9   423.6   513.3   561.2   593.6   631.4   680.2   760.7  2163.6 13685.3 32513.8  14195.5    14213
read      338.1   193.2   160.7   214.0   225.9   305.5   354.5   385.2   408.6   439.3   480.7   544.8   739.9  1717.7  8125.7  88491.9    88402
read      441.2   280.6   160.7   217.4   231.8   374.5   473.6   536.3   585.3   646.6   733.6   879.6  1223.2  1827.9  8258.7  50429.3    50454
read      449.4   262.5   160.7   225.4   244.1   407.5   500.5   553.5   594.8   645.7   708.3   796.9   979.9  1825.2  9039.7  26326.3    26235
read      426.4   281.0   160.7   218.7   232.4   355.0   441.0   500.5   550.3   618.4   709.6   874.0  1243.0  1954.4  9263.4  75507.4    75429
read      455.1   291.4   148.8   219.8   234.7   392.0   495.0   557.9   609.1   673.6   757.0   894.9  1213.9  1903.9  8885.3  44784.2    44823
read      449.7   309.9   160.7   230.0   249.2   422.6   507.4   548.6   578.9   614.2   659.5   730.2   884.1  4117.1 12234.1  16562.6    16551
read      442.6   328.0   160.7   218.4   232.3   358.5   454.2   521.0   576.1   648.3   751.3   934.9  1369.1  2375.5 11563.6  62125.5    62156
read      452.5   318.5   160.7   218.9   233.0   376.6   482.6   547.1   599.6   668.7   764.1   931.2  1311.7  2179.9 10646.5  50121.4    50248
read      426.3   288.8   160.7   217.0   230.7   351.0   437.9   498.9   549.3   617.6   711.7   887.3  1274.0  2123.1  9763.2  73029.1    73025
read      457.1   279.4   160.7   228.9   247.9   418.3   514.3   567.4   605.8   651.5   707.4   788.4   955.1  3078.2 10135.1  22329.0    22411
read      450.8   328.8   160.7   228.5   247.5   419.3   510.7   555.9   587.0   625.4   674.1   746.7   903.6  4050.2 15221.7  18219.9    18343
read      451.2   319.5   160.7   219.6   234.1   374.6   479.8   543.5   593.5   662.4   760.0   922.5  1312.3  2271.0 12091.1  50930.3    50874
read      448.5   286.1   160.7   219.5   234.3   379.1   481.7   545.2   594.4   658.6   746.4   901.2  1263.4  1979.8  9338.6  48624.8    48453
read      446.8   265.6   160.7   228.8   247.7   413.4   507.3   556.2   591.0   632.2   682.7   755.2   893.3  2655.1  9750.1  19973.3    20006
read      429.2   295.9   160.7   217.0   230.6   351.1   439.7   501.0   552.4   622.9   725.1   905.2  1282.7  2179.2 10194.8  69839.6    69859
read      458.1   298.6   160.7   233.3   253.1   418.2   512.6   564.1   600.7   645.4   704.6   792.5   968.2  2757.6 12162.5  23511.4    23492

Total QPS = 51566.1 (61879336 / 1200.0s)

Total connections = 64
Misses = 0 (0.0%)
Skipped TXs = 0 (0.0%)

RX 15284195498 bytes :   12.1 MB/s
TX          0 bytes :    0.0 MB/s
Warning! Detected max cpu usage > 95%
CPU Usage Stats (avg/min/max): 99.95%,48.22%,100.00%
