#type       avg     std     min      p5     p10     p50     p67     p75     p80     p85     p90     p95     p99    p999   p9999     QPS   target
read      400.0   299.5   160.7   205.1   222.7   372.5   441.6   482.6   513.0   554.1   602.0   677.5   801.5  1726.6 10179.7  29929.0    30000
read      408.0   246.3   160.7   206.5   224.7   380.9   451.5   493.0   525.4   565.4   618.0   694.1   844.9  2143.9 10329.1  35071.8    35000
read      411.1   229.7   160.7   205.9   224.2   385.7   457.5   499.5   533.0   573.8   626.8   705.0   844.4  2189.1  8094.1  40091.7    40000
read      388.9   245.8   160.7   201.8   217.2   359.9   428.1   468.9   501.1   542.1   597.6   687.4   807.1  1492.0  8079.2  45194.2    45000
read      429.3   393.5   160.7   204.3   223.1   398.6   473.5   514.1   544.7   583.2   636.6   717.2   889.4  5460.2 15091.0  49870.8    50000
read      396.4   247.9   148.8   198.7   214.7   369.7   442.2   482.2   512.0   551.8   604.9   687.3   839.3  1927.0  9528.6  54984.1    55000
read      392.6   199.1   148.8   198.2   214.7   367.6   441.0   481.4   512.0   550.9   602.0   682.0   829.6  1251.6  7775.7  60029.0    60000
read      385.5   223.7   148.8   196.1   211.7   355.9   428.9   469.5   500.7   539.1   589.2   671.3   827.0  2082.0  7999.1  64971.6    65000
read      376.9   247.8   148.8   196.0   211.2   347.4   416.2   457.3   488.4   526.8   578.5   663.9   815.7  1070.2  8390.2  69830.6    70000
read      371.0   209.4   148.8   195.9   210.9   341.9   408.0   448.3   478.0   512.7   563.1   651.0   805.8  1204.2  6863.6  74885.6    75000
read      392.3   187.1   148.8   200.0   218.1   367.1   439.2   480.8   510.1   547.2   593.7   672.5   825.1  1146.0  6308.3  79831.3    80000
read      386.2   205.8   148.8   198.6   216.9   362.7   432.2   471.5   500.6   535.4   580.7   649.5   785.8  1105.0  7203.7  84766.4    85000
read      397.8   240.0   148.8   206.1   226.9   374.2   439.4   476.8   505.0   540.5   589.0   666.2   807.8  1110.6 10068.9  89939.0    90000
read      615.3   333.0   148.8   272.1   340.7   538.5   619.7   771.6   884.2   955.3  1012.4  1079.3  1184.0  2548.1 11334.7  93048.2    95000
read      556.9   288.8   148.8   258.0   307.3   501.2   581.8   666.7   745.0   836.4   923.2  1006.1  1116.0  1643.7 10658.3  99081.6   100000
read      656.3   474.2   160.7   407.7   436.7   545.2   751.2   870.3   913.5   955.2   995.9  1051.8  1149.7  1641.1 10690.0  98015.2   105000
read      703.0   364.7   160.7   449.3   477.9   582.0   682.7   951.3  1004.7  1046.7  1084.5  1141.8  1239.7  3279.7 15447.9  92917.0   110000
Warning! Detected max cpu usage > 95%
CPU Usage Stats (avg/min/max): 76.61%,1.01%,100.00%
