#type       avg     std     min      p5     p10     p50     p67     p75     p80     p85     p90     p95     p99    p999   p9999     QPS   target
read      422.2   197.8   160.7   213.0   234.8   398.7   469.7   514.3   547.1   586.5   632.9   696.2   835.5  1740.4  7867.6  30108.6    30000
read      425.6   249.5   160.7   210.9   231.7   398.9   469.5   513.7   547.0   589.0   640.8   716.8   853.0  2326.4  9654.8  35026.2    35000
read      420.8   216.4   160.7   206.0   224.9   400.3   468.2   510.7   544.9   586.1   636.1   707.0   844.9  2577.0  7548.1  39765.2    40000
read      407.0   191.4   160.7   207.2   224.7   383.1   449.2   490.4   523.2   565.6   623.6   704.2   835.4  1625.5  5809.0  45132.2    45000
read      416.0   255.0   160.7   205.4   222.2   394.7   464.3   505.6   539.3   581.1   634.2   709.5   851.0  1696.3 12404.7  49753.6    50000
read      413.7   258.2   160.7   202.2   218.0   387.5   464.5   508.4   543.0   585.2   641.5   726.5   882.8  1564.7 12207.3  54887.2    55000
read      398.7   243.2   148.8   198.6   213.9   374.1   446.5   487.7   519.2   558.1   614.3   696.3   845.3  1591.0  9212.8  59992.0    60000
read      412.6   312.9   148.8   200.6   217.1   382.8   460.3   503.7   537.7   580.1   633.6   717.4   870.8  2517.2 12583.9  64938.4    65000
read      404.7   401.1   148.8   198.7   214.2   363.8   439.9   485.4   518.5   558.5   613.1   697.6   868.9  5013.6 14696.5  69962.8    70000
read      386.3   223.5   148.8   197.9   213.2   355.7   429.8   472.1   504.1   541.5   589.5   672.4   829.6  1608.7  8734.7  75024.4    75000
read      392.9   222.4   148.8   199.7   216.1   365.8   438.4   480.9   511.3   549.2   600.5   681.4   832.5  1383.1  6853.7  79924.8    80000
read      500.4   296.6   160.7   214.3   240.3   446.2   553.7   615.4   654.1   696.4   770.8  1041.0  1357.7  1578.4  7901.7  85029.0    85000
read      397.9   190.8   148.8   204.0   223.1   374.8   446.1   486.1   515.0   550.8   599.0   673.1   815.8  1056.3  5470.4  90016.6    90000
read      385.4   197.7   148.8   203.1   221.1   361.6   426.7   464.5   493.5   528.0   572.9   641.7   789.3  1439.7  7854.1  95022.8    95000
read      559.4   305.6   148.8   248.5   302.5   495.4   575.3   692.8   786.0   862.1   925.0   993.6  1090.6  1512.0  9950.6  98353.4   100000
read      699.7   343.0   160.7   434.4   462.8   580.8   797.6   930.7   978.2  1022.0  1066.0  1120.5  1219.5  2890.6 12536.4  93103.2   105000
read      668.9   332.9   173.5   387.6   430.8   568.2   731.5   873.2   935.6   981.5  1026.8  1082.6  1177.3  2381.2 12550.0  96468.8   110000
Warning! Detected max cpu usage > 95%
CPU Usage Stats (avg/min/max): 78.28%,2.51%,100.00%
