#type       avg     std     min      p5     p10     p50     p67     p75     p80     p85     p90     p95     p99    p999   p9999     QPS   target
read      440.2   223.4   160.7   222.3   242.8   409.2   489.6   541.7   581.5   628.3   680.4   742.6   855.0  2414.8  7681.6  30071.8    30000
read      440.5   248.5   160.7   223.5   243.7   404.5   482.8   536.0   577.7   627.6   687.8   760.3   893.6  1718.0 10922.7  34936.4    35000
read      439.6   243.6   160.7   223.1   243.6   406.4   482.4   531.5   569.6   617.3   678.6   754.9   881.8  2367.5  8466.5  39977.6    40000
read      434.2   255.2   160.7   221.2   240.0   397.7   475.1   524.3   563.2   612.5   678.7   763.8   915.3  2596.9  9393.6  44842.0    45000
read      435.5   293.0   160.7   221.0   240.2   405.5   483.1   529.6   565.5   611.7   675.1   752.5   876.2  1783.1  9830.2  50019.6    50000
read      427.8   230.3   160.7   217.0   234.1   398.0   477.1   523.3   557.7   600.8   662.7   744.3   889.7  1543.5  7998.1  54807.8    55000
read      411.4   239.7   160.7   212.4   228.9   379.8   452.9   496.1   529.8   573.4   635.5   727.5   870.8  1880.1 10791.2  60063.2    60000
read      422.8   296.8   160.7   212.7   229.9   388.3   467.6   513.1   546.4   587.7   642.0   728.6   890.7  4193.1  9054.6  64993.2    65000
read      434.9   307.2   160.7   218.4   237.6   405.2   485.6   529.4   561.2   599.3   650.6   728.0   869.6  3505.5 11959.2  69997.8    70000
read      415.4   212.4   160.7   216.5   234.7   388.9   463.0   505.9   538.1   577.0   627.8   707.1   853.3  1215.6  7625.7  75032.4    75000
read      439.9   241.3   160.7   223.9   246.9   417.6   493.8   535.8   566.5   602.6   650.1   720.4   863.3  1240.1 10021.1  80150.0    80000
read      426.3   213.7   160.7   220.1   240.2   397.1   466.6   508.4   541.1   582.1   637.8   726.8   942.2  1545.2  8286.6  85018.4    85000
read      624.7   345.8   160.7   298.6   355.4   557.2   672.6   779.3   848.1   917.6   995.0  1088.5  1233.1  1877.2 12278.0  89999.5    90000
read      691.0   446.9   173.5   401.1   436.2   587.4   828.5   903.2   943.4   984.0  1027.3  1086.6  1184.5  2035.9 12743.8  90830.6    95000
read      660.2   320.2   160.7   383.5   415.1   563.0   785.6   858.0   898.7   938.3   984.5  1042.9  1149.3  2110.5 12646.9  95738.6   100000
read      726.5   381.1   173.5   432.7   464.5   613.8   845.0   947.9   995.8  1044.5  1094.0  1170.9  1307.7  3343.6 15265.6  89672.1   105000
read      694.5   356.8   173.5   420.7   448.3   573.4   837.0   919.3   959.8   997.1  1041.3  1095.1  1215.6  3207.6 14323.6  93944.9   110000
Warning! Detected max cpu usage > 95%
CPU Usage Stats (avg/min/max): 75.61%,35.68%,100.00%
