[1.2, 0.2, 0.6, 0.6]
[5.5, 5.3, 2.4, 2.4]
[9.5, 9.7, 2.4, 2.6]
[24.6, 24.9, 3.7, 2.3]
[34.4, 34.2, 5.1, 1.6]
[36.4, 34.5, 3.9, 1.7]
[39.7, 38.5, 6.4, 2.1]
[55.9, 56.0, 7.7, 2.2]
[44.0, 43.8, 4.0, 1.5]
[44.3, 44.6, 4.4, 0.9]
[48.4, 48.8, 5.5, 2.8]
[58.7, 58.5, 5.3, 1.8]
[46.6, 46.9, 4.3, 1.8]
[46.3, 46.8, 4.1, 2.0]
[54.2, 55.2, 4.5, 2.3]
[58.8, 59.0, 4.1, 3.5]
[48.7, 48.6, 4.0, 1.6]
[48.6, 48.2, 2.7, 1.1]
[60.9, 61.4, 6.5, 2.3]
[58.8, 57.0, 4.1, 2.8]
[50.7, 50.5, 2.7, 2.5]
[51.2, 51.9, 3.5, 1.8]
[67.9, 68.8, 5.4, 2.2]
[58.1, 56.6, 2.8, 2.7]
[53.8, 53.7, 3.4, 1.6]
[53.9, 53.9, 3.2, 1.9]
[82.2, 78.7, 5.3, 3.7]
[55.9, 56.7, 3.4, 2.3]
[56.7, 57.7, 4.1, 2.3]
[63.3, 64.5, 3.4, 2.8]
[80.5, 81.1, 5.3, 6.5]
[58.9, 60.1, 3.4, 2.9]
[59.1, 61.2, 4.8, 4.6]
[70.3, 74.8, 6.8, 5.3]
[82.8, 82.4, 5.8, 6.2]
[14.1, 14.1, 1.2, 1.0]
[0.6, 1.2, 1.0, 0.6]
[0.4, 0.8, 1.0, 0.4]
[0.6, 0.2, 0.4, 0.8]
[0.8, 1.2, 1.0, 1.0]
