[0.6, 1.4, 0.8, 0.8]
[1.2, 14.4, 0.4, 0.6]
[1.4, 23.4, 1.6, 1.2]
[4.2, 49.7, 2.2, 1.4]
[5.6, 48.2, 1.0, 0.8]
[4.8, 44.5, 1.5, 1.3]
[2.7, 44.8, 1.3, 1.1]
[7.1, 59.9, 1.5, 1.7]
[3.8, 49.5, 1.3, 1.3]
[3.6, 48.4, 1.7, 1.3]
[4.2, 50.7, 1.3, 1.3]
[5.4, 67.9, 1.8, 3.0]
[3.9, 51.2, 1.3, 1.8]
[4.1, 51.3, 1.1, 1.3]
[4.5, 57.4, 2.2, 1.5]
[5.5, 68.9, 2.1, 1.3]
[2.6, 55.6, 1.9, 0.9]
[3.8, 56.8, 2.0, 2.0]
[3.7, 69.6, 1.6, 1.9]
[4.4, 73.1, 2.8, 1.6]
[2.7, 60.2, 1.3, 1.6]
[3.8, 60.8, 2.2, 1.1]
[3.5, 83.2, 2.2, 2.6]
[4.1, 76.7, 2.7, 2.1]
[1.8, 64.9, 1.8, 2.0]
[3.3, 64.8, 3.4, 2.4]
[4.5, 94.6, 4.2, 4.6]
[3.9, 70.3, 5.7, 4.0]
[4.7, 65.1, 2.2, 2.9]
[4.8, 65.9, 3.3, 3.9]
[5.9, 99.0, 4.2, 3.7]
[4.2, 64.6, 2.7, 3.5]
[4.6, 65.0, 5.1, 4.1]
[4.4, 72.2, 3.2, 3.1]
[5.2, 88.8, 4.9, 4.9]
[1.2, 12.0, 0.6, 1.4]
[0.6, 0.4, 0.6, 0.8]
[0.2, 0.8, 1.0, 0.8]
[1.0, 0.8, 0.6, 0.4]
[1.0, 0.2, 0.6, 0.4]
