[0.8, 0.8, 0.4, 0.6]
[1.2, 14.8, 1.0, 0.8]
[1.8, 24.6, 1.4, 1.4]
[4.6, 51.6, 1.4, 1.5]
[5.5, 46.4, 1.9, 1.5]
[3.6, 44.3, 2.3, 1.1]
[4.4, 45.1, 1.3, 1.7]
[6.5, 61.5, 2.4, 2.0]
[3.5, 47.1, 2.6, 1.7]
[3.2, 47.9, 1.3, 1.3]
[3.9, 53.2, 1.3, 0.9]
[4.1, 64.7, 2.0, 1.8]
[3.0, 50.5, 1.3, 1.3]
[3.6, 51.4, 1.1, 1.3]
[3.9, 60.7, 2.0, 1.5]
[4.8, 66.9, 1.6, 1.8]
[3.3, 54.9, 1.3, 1.3]
[3.2, 55.7, 1.5, 1.5]
[4.1, 73.8, 1.2, 1.6]
[4.5, 69.2, 3.2, 1.9]
[2.8, 60.1, 1.8, 1.3]
[2.4, 61.5, 2.7, 1.3]
[3.7, 88.1, 2.6, 1.7]
[4.6, 70.2, 1.6, 2.2]
[3.1, 64.3, 2.4, 2.4]
[4.5, 65.4, 2.4, 2.9]
[4.4, 99.4, 4.4, 3.7]
[4.5, 65.1, 4.8, 4.5]
[3.6, 64.5, 4.0, 3.3]
[5.1, 72.0, 3.8, 3.0]
[5.2, 92.8, 3.7, 4.0]
[5.3, 64.8, 3.9, 2.5]
[2.9, 64.9, 3.5, 2.7]
[6.4, 78.8, 6.1, 5.3]
[4.7, 85.8, 5.1, 3.7]
[0.8, 15.0, 1.2, 1.0]
[0.6, 0.6, 1.0, 0.4]
[0.4, 1.2, 0.6, 0.6]
[0.2, 0.2, 0.6, 0.8]
[1.0, 0.8, 1.0, 0.6]
