[0.4, 1.0, 0.8, 0.6]
[5.1, 5.1, 1.2, 1.4]
[8.3, 8.7, 1.6, 1.0]
[20.4, 21.7, 2.7, 1.2]
[37.4, 37.3, 4.3, 1.9]
[35.8, 36.3, 4.1, 1.5]
[39.4, 38.6, 6.3, 1.9]
[54.2, 53.7, 8.4, 2.6]
[46.5, 46.3, 5.0, 1.7]
[44.2, 44.5, 4.8, 1.7]
[45.2, 45.7, 4.2, 2.6]
[60.0, 60.9, 6.8, 1.8]
[46.0, 47.0, 3.9, 1.5]
[46.9, 47.0, 4.1, 1.3]
[51.4, 51.1, 4.5, 2.2]
[61.2, 62.6, 5.5, 3.1]
[47.6, 49.1, 2.9, 1.6]
[47.9, 49.2, 4.1, 1.4]
[56.0, 57.8, 5.2, 2.6]
[61.3, 60.8, 6.2, 2.8]
[49.9, 50.8, 4.0, 1.8]
[50.0, 51.3, 5.5, 2.2]
[64.7, 65.7, 5.3, 2.3]
[62.7, 61.3, 4.8, 2.6]
[54.3, 53.4, 3.4, 1.2]
[54.5, 53.8, 3.5, 2.5]
[74.5, 75.4, 6.5, 3.0]
[60.4, 62.4, 3.9, 2.8]
[57.0, 56.9, 5.4, 3.0]
[58.0, 56.4, 4.1, 2.3]
[84.5, 86.9, 6.5, 3.5]
[59.1, 58.8, 4.4, 3.3]
[59.3, 58.8, 5.3, 2.7]
[67.5, 66.4, 5.2, 3.8]
[84.2, 86.5, 5.6, 4.0]
[8.3, 8.4, 0.8, 1.0]
[0.4, 0.6, 0.8, 0.6]
[1.0, 0.2, 0.6, 1.4]
[0.8, 1.0, 0.4, 0.8]
[0.8, 0.6, 1.0, 0.8]
