#type       avg     std     min      p5     p10     p50     p67     p75     p80     p85     p90     p95     p99    p999   p9999     QPS   target
read      454.4   277.3   160.7   223.0   243.9   417.9   509.1   564.5   604.5   648.2   700.0   772.3   915.4  3945.3  9014.3  30088.6    30000
read      458.2   252.5   160.7   225.3   247.3   425.1   512.6   566.7   607.0   654.9   712.3   787.2   930.9  2073.7 10833.6  35168.4    35000
read      459.1   250.5   160.7   225.4   246.6   427.7   514.2   565.9   606.0   654.0   715.6   797.5   951.4  1492.6 10271.9  39907.6    40000
read      444.7   279.0   160.7   219.5   237.4   406.1   495.2   547.3   589.6   639.7   702.9   787.4   934.3  1728.1 11617.5  44940.6    45000
read      435.4   225.1   160.7   218.5   235.9   399.9   485.9   536.0   576.2   627.0   690.1   777.6   928.8  1352.4  7961.5  49892.4    50000
read      430.0   244.0   160.7   215.4   232.4   393.2   478.8   529.4   568.2   617.4   681.8   770.9   925.1  1346.4 10095.6  54902.2    55000
read      438.6   398.2   160.7   214.4   231.7   390.6   474.3   524.6   561.9   609.3   672.4   758.9   934.3  6572.6 14508.6  59988.8    60000
read      422.6   233.8   160.7   213.3   231.0   387.1   470.3   520.0   555.8   600.3   658.5   744.5   911.7  1540.5  8119.0  65134.2    65000
read      416.6   248.3   160.7   214.2   231.1   380.5   459.5   506.2   541.3   584.1   640.7   730.8   901.9  1978.2  8479.4  69730.3    70000
read      452.4   295.1   160.7   215.5   234.3   399.8   490.9   546.4   589.2   640.4   709.0   829.9  1311.8  1683.7 10554.1  75189.0    75000
read      443.3   234.7   160.7   223.1   244.1   406.7   487.8   535.4   572.1   618.3   680.2   777.6  1038.1  1629.8  8461.2  80086.8    80000
read      467.2   269.0   160.7   234.2   261.8   434.8   516.7   565.9   603.3   648.2   706.6   793.6   957.6  1440.5 11200.1  84849.2    85000
read      659.4   342.3   160.7   337.5   390.1   582.0   711.7   824.1   897.2   968.9  1040.5  1119.8  1250.6  2616.8 12835.3  89680.5    90000
read      727.4   380.3   173.5   433.2   466.9   611.9   837.9   948.0  1000.2  1050.5  1099.8  1167.0  1275.4  3849.7 15602.6  89048.4    95000
read      759.8   403.0   173.5   459.0   496.9   630.0   838.4  1004.6  1061.8  1112.9  1160.4  1224.9  1338.5  4961.4 14964.6  86159.2   100000
read      740.5   384.5   160.7   439.0   476.1   622.9   825.9   963.8  1030.4  1083.5  1137.1  1194.2  1308.0  3978.0 13623.5  88193.5   105000
read      756.6   391.5   173.5   467.6   501.0   627.3   809.7  1011.5  1067.8  1118.1  1163.3  1226.5  1336.1  3743.4 15167.6  86467.8   110000
Warning! Detected max cpu usage > 95%
CPU Usage Stats (avg/min/max): 73.07%,31.32%,100.00%
