Random waveform, supplied seed
Total number of intervals = 120 (7434, 67201, 85927, 63953, 31595, 87879, 7287, 62295, 6561, 22532, 60653, 59076, 60154, 22964, 8172, 27652, 37594, 24367, 33771, 84944, 85666, 51918, 34406, 28664, 38289, 20658, 13840, 93419, 98284, 71313, 42089, 46458, 30755, 42889, 93552, 65694, 29574, 51355, 67361, 16287, 81508, 87619, 99068, 51267, 11822, 97494, 97350, 55460, 85984, 82043, 52873, 13911, 49984, 9274, 27187, 18735, 86505, 93039, 75999, 32324, 84255, 81759, 37291, 53818, 30297, 31569, 38927, 10652, 98119, 48176, 34929, 69735, 20753, 84642, 42333, 61587, 77998, 97625, 23781, 66723, 31016, 47394, 95335, 5252, 65908, 16889, 42912, 99898, 26385, 22616, 50605, 90283, 26273, 48521, 34058, 75648, 19482, 15054, 75754, 5187, 17656, 96343, 36665, 85269, 31525, 61798, 12253, 25710, 79937, 7271, 85861, 91467, 72217, 31080, 76878, 84584, 12492, 57106, 96245, 6791)
Average QPS expected = 51270
Timestamp start: 1684491887836
Timestamp end: 1684493088472

#type       avg     std     min      p5     p10     p50     p67     p75     p80     p85     p90     p95     p99    p999   p9999      QPS   target
read      395.0   425.0   173.5   230.4   251.5   369.7   412.0   433.9   450.6   468.1   494.1   534.2   737.1  6112.2 12515.2   7418.7     7434
read      378.0   330.0   160.7   211.5   224.3   319.7   386.3   429.1   463.1   505.4   566.0   684.5  1114.7  3524.3 12312.2  67067.5    67201
read      358.5   289.6   160.7   213.9   226.6   317.7   374.9   409.9   436.2   469.0   514.1   593.0   827.5  3259.5 11834.0  85825.0    85927
read      345.9   180.2   160.7   214.2   227.2   317.5   371.6   404.5   431.4   462.7   499.7   549.6   675.8  1167.7  7906.6  63870.8    63953
read      469.0   706.2   160.7   213.4   227.7   375.6   469.8   532.7   583.7   646.5   729.5   881.5  1354.7  9950.1 31529.8  31574.9    31595
read      336.4   308.3   148.8   210.4   222.2   296.2   343.6   373.7   398.1   429.2   470.0   536.2   799.6  2946.1 12307.7  88041.5    87879
read      520.0  1456.9   173.5   229.1   250.0   385.7   435.5   461.9   480.6   502.7   535.9   607.3  3982.2 30626.9 39199.9   7252.7     7287
read      405.7   509.0   160.7   210.1   222.6   317.6   391.1   443.8   485.9   537.8   619.7   809.4  1458.7  6292.7 16266.5  62097.6    62295
read      480.2  1179.9   160.7   233.3   257.2   380.3   425.2   449.8   466.8   489.8   519.3   575.4  2927.5 15724.3 37461.8   6545.3     6561
read      484.0   870.3   160.7   215.4   229.9   383.8   479.7   539.1   581.9   629.6   688.1   796.2  1633.4 10768.9 32160.5  22529.6    22532
read      439.1   848.7   160.7   211.7   224.7   334.8   423.0   482.8   532.5   602.0   713.8   936.5  1571.3  6395.5 26759.9  60633.1    60653
read      414.2   405.2   160.7   211.5   224.2   326.5   409.2   467.7   513.2   573.8   671.9   879.6  1420.3  4186.9 11838.1  59092.7    59076
read      420.0   597.7   160.7   210.5   223.1   324.8   407.5   465.9   510.3   569.5   666.9   870.3  1449.1  6012.1 28452.6  60235.7    60154
read      476.1   768.6   160.7   213.9   228.2   383.0   481.5   543.1   587.7   635.7   691.5   790.0  1448.7  9971.6 31689.2  22864.7    22964
read      488.2  1275.1   173.5   225.5   244.7   389.1   443.6   470.4   491.1   513.3   544.4   600.3  2521.0 23187.0 46926.1   8243.7     8172
read      497.2   873.4   160.7   215.8   230.2   391.4   492.9   558.7   612.0   669.8   736.0   858.0  1733.4 11787.0 31872.4  27739.5    27652
read      481.2   863.1   160.7   212.5   226.5   374.0   470.5   533.9   586.9   657.5   741.3   904.7  1418.4 11800.6 36507.0  37697.8    37594
read      470.0   828.8   160.7   213.2   227.8   380.2   477.6   540.6   584.9   631.5   682.8   765.5  1293.3 11290.2 32801.4  24295.7    24367
read      471.2   694.9   160.7   213.4   227.9   381.4   476.5   540.4   593.2   655.1   726.6   849.5  1330.5  9459.8 31080.9  33954.2    33771
read      335.4   351.0   160.7   209.1   221.0   293.8   340.5   370.6   395.1   426.7   468.9   534.3   753.9  3713.3 13185.9  85113.8    84944
read      329.0   286.5   160.7   209.1   221.0   293.2   338.7   368.3   392.1   423.0   465.1   528.5   688.4  2890.9  8563.0  85585.7    85666
read      445.2   533.5   160.7   210.6   224.2   354.6   452.7   515.5   568.2   634.4   725.9   912.3  1396.6  7097.9 25255.8  51883.1    51918
read      421.8   234.8   160.7   218.8   234.4   382.2   465.6   517.5   555.9   600.2   655.1   735.1   969.1  1535.4  8099.1  34394.6    34406
read      418.1   230.5   160.7   220.3   236.9   381.7   467.1   519.0   555.7   594.8   640.6   707.4   864.0  1394.3  8161.8  28617.3    28664
read      427.9   276.4   160.7   218.3   234.0   386.1   469.6   522.8   561.8   607.9   664.9   748.1  1002.5  2104.4 11912.5  38263.1    38289
read      422.3   233.0   160.7   222.0   239.1   392.0   481.7   527.9   558.2   590.8   631.2   688.6   841.4  2305.0  8674.2  20604.6    20658
read      421.1   288.7   160.7   227.0   245.5   404.6   474.8   508.2   531.3   556.1   588.1   637.4   771.3  3983.7 10703.4  13803.6    13840
read      346.5   340.5   160.7   212.7   224.9   304.2   353.7   385.3   409.4   440.9   484.3   557.0   838.7  3385.5 13289.5  93319.3    93419
read      333.1   258.8   160.7   211.6   223.7   299.9   345.6   373.9   396.1   423.8   461.4   521.6   704.3  2742.6 10375.4  98226.4    98284
read      351.8   370.6   160.7   211.8   223.9   305.4   359.9   395.9   425.4   462.7   509.0   576.8   793.3  3842.0 12754.8  71346.5    71313
read      476.1   654.3   160.7   213.8   227.6   374.2   476.0   543.1   599.8   674.4   776.9   981.3  1555.5  7648.2 29566.8  42143.5    42089
read      477.7   581.9   160.7   213.6   227.2   367.5   472.2   545.0   608.8   693.9   809.4   955.3  1631.5  7106.1 28793.4  46517.1    46458
read      482.5   708.4   160.7   218.6   233.1   389.2   484.8   549.1   603.7   668.1   742.9   880.3  1445.4  9728.7 31414.4  30730.4    30755
read      478.1   621.3   160.7   215.6   229.2   374.9   473.0   539.9   597.4   676.8   782.1   993.5  1591.5  7993.7 29397.9  42822.2    42889
read      348.6   332.4   160.7   213.3   225.3   304.5   351.4   381.1   403.6   434.1   475.4   545.0  1130.9  3694.2 12140.2  93592.0    93552
read      349.7   325.6   160.7   212.6   224.7   305.1   359.0   395.6   425.4   462.3   507.5   571.9   778.1  3613.6 12500.2  65640.5    65694
read      475.4   725.0   160.7   214.8   228.9   380.6   477.7   541.7   593.7   661.6   742.8   884.0  1366.8  9649.1 31549.8  29582.9    29574
read      469.5   599.5   160.7   212.7   226.1   356.0   457.6   528.0   588.3   674.2   798.8   958.0  1646.5  6678.0 29900.3  51443.6    51355
read      353.2   267.1   160.7   212.5   224.7   307.9   362.8   399.1   429.4   467.2   514.5   585.4   902.7  3304.5 10211.3  67439.4    67361
read      516.4  1157.3   160.7   219.7   234.4   397.7   489.8   540.3   574.4   612.3   660.0   743.8  2518.4 15355.8 36142.8  16296.8    16287
read      354.9   377.9   160.7   214.4   226.3   307.8   359.7   392.9   419.5   453.8   499.0   571.8   963.5  3784.7 13782.2  81460.7    81508
read      335.9   350.3   160.7   210.1   222.0   297.2   344.8   374.6   398.5   429.2   469.8   533.6   708.5  3403.1 12792.4  87644.3    87619
read      328.4   289.6   160.7   209.9   221.8   294.3   338.4   365.8   387.0   413.4   450.7   508.6   711.4  2796.8 11199.5  99147.5    99068
read      465.6   530.7   160.7   210.5   223.5   344.8   451.1   524.0   587.9   681.2   824.4   979.8  1681.5  5949.8 19225.6  51183.1    51267
read      488.0  1064.6   160.7   219.8   234.8   396.7   471.7   509.2   535.1   564.1   599.6   667.6  2119.1 13740.3 32381.6  11782.9    11822
read      350.9   402.5   160.7   211.8   223.9   304.1   351.8   380.8   402.5   431.6   470.9   541.6  1178.9  4732.7 13481.8  97374.9    97494
read      329.5   362.2   160.7   209.2   221.2   293.8   338.3   366.1   387.6   414.4   452.9   512.6   714.4  3496.0 10194.6  97308.0    97350
read      440.3   496.7   160.7   211.2   224.4   341.2   438.5   503.1   555.3   629.8   738.7   949.1  1475.5  5181.8 16823.7  55322.6    55460
read      339.9   337.3   160.7   210.0   222.1   297.0   344.6   375.4   400.5   433.3   478.6   548.0   843.8  3480.0 12676.8  85999.3    85984
read      340.0   337.8   160.7   210.4   222.4   299.4   348.2   379.9   403.8   435.9   478.9   543.6   763.5  3441.5 14734.6  81994.6    82043
read      453.1   595.4   160.7   210.2   223.4   346.8   445.4   508.6   563.8   640.7   753.7   976.4  1572.2  6729.5 22594.4  52963.4    52873
read      491.9  1038.9   160.7   219.2   234.1   395.2   478.6   520.2   547.3   578.4   618.3   686.6  2522.8 12573.2 35715.4  13854.6    13911
read      481.2   721.8   160.7   209.8   222.5   342.3   451.4   523.5   588.3   688.8   848.1  1032.9  1744.7  9775.2 31147.1  49866.5    49984
read      475.4  1072.3   173.5   223.3   241.1   388.7   446.3   476.1   497.3   521.9   552.4   612.5  2483.7 12239.1 36240.4   9224.4     9274
read      479.3   790.8   160.7   213.1   227.4   379.2   473.6   538.5   590.7   652.8   726.6   861.5  1460.5 11140.4 31892.6  27224.7    27187
read      478.8   913.6   160.7   214.2   228.6   383.9   476.8   534.0   572.1   613.9   665.8   748.3  1478.7 11667.3 32480.1  18677.8    18735
read      344.0   346.6   160.7   210.9   222.9   300.6   349.7   381.3   405.2   437.5   481.7   551.5   855.1  3819.5 13558.5  86475.3    86505
read      338.3   423.8   160.7   210.6   222.6   298.5   345.0   373.7   396.6   425.0   463.3   525.6   722.7  4050.3 27452.0  93046.5    93039
read      343.3   276.9   160.7   211.1   223.2   304.1   356.1   388.7   414.0   447.0   491.1   555.0   745.9  3469.7 11299.2  75919.0    75999
read      477.1   691.8   160.7   212.4   226.3   377.7   476.4   540.7   594.5   667.5   759.9   935.5  1404.4  9287.1 30885.4  32326.0    32324
read      340.3   323.3   160.7   209.2   221.5   301.2   352.4   384.2   407.3   436.6   475.3   537.8   799.3  2669.2 12221.8  84037.6    84255
read      335.1   163.7   160.7   210.0   222.5   306.0   360.6   392.5   416.1   444.2   479.3   534.4   675.2  1458.0  6005.1  81669.5    81759
read      445.8   257.1   160.7   221.7   237.8   396.2   488.8   543.0   585.5   637.2   706.4   834.5  1150.7  2188.1  8495.3  37342.0    37291
read      434.9   302.1   160.7   214.6   228.2   356.9   454.3   518.2   570.0   635.1   731.1   918.6  1323.6  1972.2  9503.1  53874.3    53818
read      432.9   253.4   160.7   220.2   235.5   389.4   476.4   530.0   570.0   616.5   674.5   774.5  1035.6  2486.5  8840.5  30286.1    30297
read      434.4   284.0   160.7   220.4   236.3   390.2   479.2   534.2   574.0   620.3   677.8   768.5  1012.1  2318.8  9284.3  31628.8    31569
read      463.3   432.6   160.7   217.2   231.4   386.1   489.2   553.3   606.5   675.8   767.9   930.7  1309.6  4560.3 12599.7  38973.5    38927
read      493.9   995.2   160.7   226.0   244.3   419.4   489.7   524.6   547.0   575.1   610.3   672.2  2210.0 11495.7 35506.6  10593.9    10652
read      334.6   248.0   160.7   210.8   222.8   296.8   341.6   369.6   391.5   418.7   456.9   521.6   996.6  2585.5  8485.4  98024.0    98119
read      458.8   490.8   160.7   213.4   226.9   363.8   469.9   539.1   595.5   672.0   774.3   963.4  1455.1  5746.6 17010.8  48155.3    48176
read      472.5   515.4   160.7   216.8   231.1   393.6   494.8   558.1   612.2   678.8   758.8   901.4  1362.6  6232.0 22784.1  34901.1    34929
read      349.4   280.0   160.7   212.0   224.2   308.4   363.3   398.2   426.4   461.2   504.8   571.6   791.8  2954.1 10044.2  69573.8    69735
read      481.9   808.8   160.7   216.7   231.4   398.5   496.8   554.5   595.1   638.5   689.4   772.1  1395.3 11493.8 32219.5  20794.0    20753
read      336.8   242.0   160.7   210.3   222.3   299.3   348.8   380.6   404.3   435.5   476.7   541.7   788.0  2702.4  8717.8  84671.9    84642
read      472.8   592.9   160.7   210.5   223.5   358.1   467.4   534.7   593.3   685.6   831.4   990.8  1568.8  7543.9 28591.7  42365.8    42333
read      433.7   309.4   160.7   211.9   225.5   341.2   434.7   502.8   561.1   639.4   752.5   970.3  1450.9  2316.9  8660.6  61589.3    61587
read      341.1   282.8   160.7   210.4   222.5   299.8   349.4   382.6   407.5   440.7   485.1   548.8   796.6  3365.8  9677.5  78155.7    77998
read      326.2   254.7   160.7   209.5   221.3   293.2   336.7   364.2   385.6   412.4   450.4   508.3   695.1  2803.3  9975.8  97474.3    97625
read      466.2   772.0   160.7   212.0   226.4   378.9   473.8   535.0   578.8   625.8   681.3   772.1  1476.6 10250.6 32245.0  23824.7    23781
read      350.6   299.5   160.7   210.8   222.8   301.3   355.1   392.6   423.8   463.1   510.2   579.4   943.6  3580.0 10773.8  66651.0    66723
read      461.0   568.6   160.7   212.0   225.7   374.0   468.5   531.2   584.5   652.6   738.4   897.7  1350.0  7650.5 28207.7  30985.0    31016
read      444.4   410.7   160.7   212.5   226.7   366.7   464.2   526.9   576.5   639.8   730.8   921.5  1321.9  3506.1 15594.8  47362.3    47394
read      330.2   219.2   160.7   210.0   222.1   296.9   343.1   372.2   394.8   422.6   459.5   518.6   747.7  2162.7  7252.0  95402.4    95335
read      419.7   839.6   173.5   245.8   271.1   368.5   404.4   425.8   440.0   458.5   481.1   520.4   946.5 10055.7 35458.9   5289.6     5252
read      358.1   302.1   160.7   208.9   221.0   303.3   362.1   403.2   438.1   480.5   531.7   615.9  1076.5  3326.1  9589.7  65820.6    65908
read      475.6   968.0   160.7   211.5   225.9   383.0   473.9   520.6   550.0   582.7   623.4   690.5  2338.1 11887.3 35889.8  16924.0    16889
read      449.1   529.7   160.7   209.7   223.5   365.7   457.9   518.6   569.4   635.8   723.4   884.9  1335.9  7099.5 18296.5  42938.0    42912
read      327.1   305.2   160.7   207.7   219.5   289.0   331.9   359.8   381.8   409.6   449.1   509.4   846.0  2577.1 11788.5  99770.5    99898
read      418.4   230.9   160.7   219.3   235.1   381.8   471.1   523.1   558.0   595.7   638.6   702.2   865.2  1850.3  9355.4  26374.9    26385
read      417.1   303.5   160.7   220.5   237.4   383.8   470.2   518.4   549.4   583.6   623.4   680.5   815.1  2527.4 11986.4  22686.5    22616
read      433.4   309.6   160.7   212.2   226.6   366.8   464.2   523.8   570.3   628.6   710.0   868.9  1245.9  1931.4 12020.0  50472.4    50605
read      341.9   307.0   160.7   211.7   223.9   303.2   351.7   382.3   405.1   435.4   475.5   541.2   798.7  3172.0 12061.0  90508.8    90283
read      488.3   736.0   160.7   219.9   234.8   395.6   493.4   556.3   607.7   672.6   753.3   901.6  1358.8 10872.7 32334.2  26262.3    26273
read      444.1   302.5   160.7   217.4   232.2   378.4   475.5   536.4   583.7   641.4   725.4   888.1  1262.8  2129.2 10993.9  48677.2    48521
read      427.1   256.2   160.7   217.2   232.7   383.1   466.2   518.7   557.9   605.2   667.1   773.4  1056.0  2101.9  9580.7  34082.1    34058
read      336.1   183.6   160.7   209.0   221.6   306.3   359.5   391.4   415.3   444.5   481.5   537.7   685.3  1677.7  7811.9  75684.1    75648
read      385.6   254.1   160.7   222.2   237.0   376.7   436.9   463.7   481.8   501.4   527.5   567.2   678.9  2930.5  9924.1  19464.8    19482
read      389.2   223.2   160.7   228.0   245.2   386.2   434.2   457.3   471.9   492.4   515.2   550.8   661.5  2614.1  9418.2  15070.7    15054
read      335.9   181.1   148.8   209.7   222.4   308.6   362.2   393.3   416.5   444.4   479.7   534.1   664.3  1235.7  7633.5  75774.5    75754
read      392.8   388.2   173.5   257.0   282.0   365.2   395.1   412.5   426.1   442.0   466.7   509.8   654.9  7547.3 13298.3   5259.6     5187
read      394.8   244.3   160.7   230.9   249.5   385.5   438.1   462.6   479.8   499.8   526.7   569.4   683.5  3039.2 11372.1  17650.5    17656
read      320.3   164.9   160.7   208.5   220.6   293.6   339.8   368.5   390.5   416.8   451.0   502.1   631.3  1177.8  6234.7  96204.4    96343
read      362.4   219.2   160.7   215.3   228.4   327.3   403.9   445.8   471.6   498.2   529.0   573.1   679.1  1406.7  9533.2  36686.4    36665
read      328.9   173.9   160.7   208.4   220.7   300.0   351.3   382.9   405.3   433.4   468.4   522.8   652.1  1304.2  7445.5  85138.4    85269
read      373.7   217.9   160.7   218.8   231.7   341.0   423.6   462.2   486.5   511.4   542.0   586.9   713.7  1455.9  7508.1  31554.8    31525
read      348.1   182.3   160.7   213.0   225.9   316.8   373.2   409.6   437.9   470.8   510.3   566.2   683.4  1265.7  7928.6  61634.9    61798
read      396.9   286.0   160.7   231.9   251.1   390.5   434.8   456.9   470.9   491.4   514.5   552.6   666.0  3789.4 12380.3  12238.9    12253
read      392.9   266.7   160.7   223.3   239.3   368.4   441.3   475.4   497.7   522.7   551.0   599.3   728.8  2930.7 12409.4  25763.7    25710
read      331.1   169.5   160.7   208.9   221.4   301.6   353.3   385.3   408.7   437.5   475.4   533.7   659.8  1242.3  7304.3  79831.1    79937
read      394.7   380.9   173.5   248.4   272.6   375.4   409.6   428.3   441.6   459.7   482.7   522.9   637.8  6652.8 16050.3   7277.5     7271
read      326.7   147.1   160.7   208.7   220.9   298.2   349.1   380.4   403.0   431.4   466.6   520.0   641.4  1198.2  4858.8  85691.1    85861
read      323.9   172.3   148.8   208.1   220.3   294.6   343.1   373.7   397.1   425.5   461.8   516.1   641.6  1313.8  7566.8  91380.0    91467
read      338.2   195.6   160.7   210.1   222.9   308.8   362.4   395.4   421.0   452.1   491.1   545.0   667.0  1216.2  7996.7  72251.9    72217
read      376.5   246.7   160.7   218.7   231.5   339.5   425.0   464.6   489.3   515.1   545.0   590.7   718.5  2197.1 11281.9  31057.7    31080
read      332.0   165.1   160.7   209.1   221.7   302.9   354.5   386.7   410.9   440.7   478.3   535.2   657.5  1141.4  7542.3  76810.8    76878
read      327.5   176.0   160.7   208.4   220.8   298.5   348.1   379.2   402.2   431.4   468.3   525.4   648.1  1126.3  7817.8  84659.2    84584
read      400.9   312.1   160.7   231.5   250.7   394.5   440.3   462.5   478.3   498.2   523.8   564.5   681.8  3638.2 13040.0  12519.1    12492
read      355.0   195.4   160.7   214.2   227.4   324.5   382.9   419.4   447.3   479.9   519.0   574.0   691.4  1538.8  9168.8  57155.1    57106
read      316.5   188.5   160.7   207.4   219.4   289.6   333.4   361.1   382.2   407.9   443.0   496.1   624.5  1241.3  8383.1  96379.9    96245
read      397.0   326.1   173.5   251.4   277.0   377.6   411.5   430.6   445.3   463.4   488.8   530.7   658.8  5989.6 12009.8   6788.1     6791

Total QPS = 51260.1 (61512136 / 1200.0s)

Total connections = 64
Misses = 0 (0.0%)
Skipped TXs = 0 (0.0%)

RX 15193497592 bytes :   12.1 MB/s
TX          0 bytes :    0.0 MB/s
Warning! Detected max cpu usage > 95%
CPU Usage Stats (avg/min/max): 99.98%,40.82%,100.00%
